data/realblocks/ce2.asc
NCOLS 100
NROWS 100
XLLCORNER 1506552
YLLCORNER 5533496
CELLSIZE 5
NODATA_VALUE -9999
[rows 32 to 63 of 100, columns 0 to 71 of 100]
233.79 233.63 233.85 233.85 234.08 233.98 234.33 234.26 234.47 234.42 234.77 234.78 235.02 234.92 235.19 235.06 235.38 235.33 235.59 235.57 235.65 235.57 235.86 235.76 235.96 235.96 236.06 235.96 236.15 236.06 236.27 236.06 236.18 236.18 236.27 236.06 236.19 236.22 236.53 236.38 236.66 236.56 236.77 236.61 236.78 236.59 236.65 236.65 236.7 236.61 236.67 236.59 236.76 236.62 236.83 236.83 236.91 236.81 236.9 236.77 236.89 236.78 237.12 236.89 237.01 236.81 236.96 236.79 236.96 236.74 237.13 236.92
233.47 233.3 233.53 233.44 233.7 233.64 234 233.95 234.22 234.12 234.38 234.39 234.6 234.54 234.83 234.77 234.97 234.94 235.2 235.19 235.41 235.41 235.6 235.46 235.64 235.52 235.71 235.58 235.76 235.76 235.9 235.76 235.92 235.7 235.78 235.65 235.86 235.76 236.16 236.02 236.26 236.07 236.27 236.14 236.45 236.26 236.35 236.16 236.33 236.14 236.21 236.21 236.52 236.35 236.49 236.38 236.48 236.33 236.45 236.45 236.64 236.48 236.63 236.42 236.48 236.27 236.64 236.46 236.64 236.49 236.53 236.31
233.07 232.97 233.07 233.07 233.42 233.3 233.63 233.52 233.78 233.71 234.05 233.98 234.3 234.29 234.41 234.38 234.62 234.61 234.94 234.89 235.07 234.96 235.22 235.14 235.28 235.28 235.42 235.23 235.45 235.23 235.46 235.3 235.45 235.45 235.5 235.33 235.48 235.35 235.68 235.62 235.91 235.74 235.95 235.79 236.05 235.78 235.86 235.86 236.06 235.86 235.95 235.79 235.99 235.84 236 236 236.19 236.02 236.1 235.94 236.2 236.01 236.33 236.12 236.18 235.97 236.07 235.88 236.07 235.85 236.24 235.97
232.69 232.64 232.76 232.74 233.02 232.91 233.24 233.22 233.52 233.48 233.72 233.62 233.97 233.87 234.13 234.01 234.34 234.25 234.56 234.43 234.59 234.59 234.85 234.81 234.99 234.81 234.91 234.78 234.94 234.94 235.13 234.96 235.12 234.98 235.09 234.87 235.18 235.05 235.41 235.34 235.42 235.32 235.51 235.33 235.64 235.49 235.62 235.5 235.55 235.42 235.44 235.44 235.65 235.58 235.68 235.57 235.75 235.55 235.63 235.63 235.81 235.62 235.79 235.52 235.6 235.33 235.68 235.47 235.67 235.45 235.6 235.36
232.28 232.5 232.34 232.74 232.71 232.91 232.87 233.09 233.19 233.31 233.31 233.62 233.65 233.87 233.7 234 233.92 234.17 234.17 234.43 234.3 234.44 234.43 234.72 234.53 234.81 234.64 234.78 234.63 234.74 234.56 234.8 234.68 234.98 234.78 234.87 234.71 234.95 234.9 235.14 235.14 235.32 235.21 235.33 235.2 235.35 235.11 235.5 235.27 235.42 235.22 235.32 235.18 235.43 235.17 235.57 235.46 235.55 235.32 235.44 235.27 235.46 235.46 235.52 235.19 235.33 235.03 235.27 235.01 235.24 235.24 235.36
231.88 232.24 232.15 232.33 232.24 232.56 232.56 232.78 232.8 233.02 232.95 233.28 233.28 233.51 233.51 233.65 233.57 233.81 233.73 233.95 233.87 234.22 234.03 234.32 234.17 234.29 234.19 234.26 234.1 234.41 234.25 234.49 234.3 234.5 234.31 234.46 234.46 234.6 234.52 234.8 234.74 234.91 234.77 234.88 234.88 235.09 234.87 234.95 234.76 234.93 234.66 234.99 234.81 235.09 234.89 235.08 234.82 234.96 234.68 235.07 234.81 235.01 234.79 234.86 234.54 234.67 234.67 234.81 234.57 234.81 234.55 234.73
231.53 231.83 231.79 231.99 231.91 232.19 232.08 232.42 232.37 232.66 232.66 232.94 232.83 233.15 233.04 233.27 233.17 233.36 233.36 233.53 233.5 233.65 233.53 233.86 233.64 234.02 233.81 233.91 233.75 233.93 233.78 233.95 233.84 234.16 233.95 234.15 234.03 234.14 234.06 234.42 234.42 234.58 234.41 234.63 234.42 234.58 234.34 234.68 234.41 234.56 234.33 234.44 234.24 234.49 234.29 234.54 234.44 234.61 234.29 234.43 234.13 234.38 234.38 234.52 234.2 234.34 233.94 234.18 233.95 234.18 234.18 234.33
231.18 231.55 231.5 231.62 231.58 231.78 231.78 232.09 232.07 232.32 232.25 232.39 232.44 232.75 232.75 232.9 232.72 233 232.81 233.14 233.03 233.32 233.17 233.4 233.29 233.47 233.32 233.42 233.28 233.58 233.42 233.6 233.52 233.65 233.46 233.7 233.7 233.83 233.73 234.09 233.99 234.15 233.98 234.15 234.15 234.31 234.03 234.09 233.8 233.94 233.72 234.12 233.82 234.04 233.83 233.99 233.77 233.89 233.65 233.97 233.72 233.96 233.69 233.81 233.53 233.66 233.66 233.78 233.47 233.69 233.54 233.72
231.16 231.17 231.39 231.39 231.58 231.49 231.74 231.67 232.02 231.88 232.25 232.12 232.44 232.36 232.61 232.44 232.71 232.5 232.81 232.75 233.03 232.88 233.06 232.92 233.12 233.12 233.32 233.14 233.28 233.1 233.29 233.17 233.34 233.34 233.46 233.31 233.5 233.37 233.66 233.62 233.99 233.87 233.98 233.89 233.97 233.72 233.8 233.8 233.8 233.55 233.72 233.44 233.6 233.42 233.61 233.61 233.77 233.53 233.65 233.37 233.5 233.3 233.69 233.48 233.53 233.27 233.34 233.1 233.26 233.13 233.54 233.32
230.72 230.74 231.01 231.02 231.22 231.06 231.44 231.38 231.67 231.57 231.76 231.72 231.95 231.91 232.3 232.15 232.21 232.18 232.36 232.31 232.46 232.46 232.71 232.62 232.88 232.66 232.84 232.66 232.77 232.77 232.93 232.85 232.99 232.83 232.91 232.76 233.16 233.04 233.18 233.22 233.53 233.33 233.47 233.26 233.56 233.32 233.45 233.1 233.17 232.85 233.05 233.05 233.05 232.89 233.17 232.97 233.13 232.91 232.98 232.98 233.14 232.88 233.09 232.85 232.93 232.59 232.97 232.68 232.81 232.57 232.86 232.62
230.28 230.31 230.71 230.71 230.92 230.78 231.03 230.88 231.22 231.19 231.51 231.36 231.56 231.5 231.77 231.59 231.78 231.65 232.06 231.9 232.18 232.02 232.21 232.1 232.38 232.38 232.56 232.38 232.47 232.33 232.53 232.32 232.47 232.47 232.59 232.44 232.63 232.55 232.79 232.67 233.12 232.98 233.05 232.86 232.98 232.68 232.74 232.74 232.79 232.47 232.61 232.35 232.52 232.28 232.51 232.51 232.7 232.54 232.62 232.4 232.52 232.22 232.65 232.37 232.55 232.2 232.25 231.98 232.15 231.91 232.38 232.17
230.06 230.31 230.4 230.57 230.43 230.67 230.67 230.88 230.81 231.19 231.08 231.28 231.16 231.47 231.47 231.59 231.47 231.65 231.55 231.8 231.66 232.02 231.89 232.1 232.02 232.22 232.1 232.2 232.07 232.33 232.21 232.32 232.14 232.27 232.07 232.22 232.22 232.55 232.35 232.67 232.54 232.7 232.47 232.62 232.62 232.68 232.39 232.45 232.13 232.19 232.02 232.35 232.09 232.28 232.06 232.28 232.09 232.33 231.99 232.4 232.16 232.22 231.98 232.2 231.89 231.89 231.89 231.98 231.77 231.91 231.68 231.89
229.68 230 229.92 230.28 230.15 230.4 230.29 230.49 230.4 230.74 230.74 230.97 230.86 231.11 231.02 231.17 231.04 231.26 231.26 231.34 231.3 231.55 231.48 231.64 231.56 231.89 231.82 231.9 231.81 231.93 231.77 231.84 231.62 231.92 231.73 231.83 231.67 231.9 231.65 232.04 232.04 232.3 232.03 232.24 231.98 232.08 231.8 232.15 231.81 231.82 231.68 231.72 231.49 231.65 231.47 231.88 231.64 231.92 231.62 231.76 231.47 231.6 231.6 231.77 231.51 231.54 231.24 231.34 231.04 231.21 231.21 231.45
229.33 229.56 229.61 229.91 229.81 229.94 229.94 230.18 230.1 230.32 230.3 230.5 230.45 230.68 230.68 230.93 230.78 230.93 230.8 231 230.9 231.23 231.16 231.34 231.18 231.37 231.27 231.47 231.25 231.64 231.43 231.6 231.37 231.41 231.19 231.27 231.27 231.49 231.3 231.53 231.42 231.59 231.35 231.59 231.59 231.73 231.46 231.46 231.19 231.21 231.02 231.37 231.17 231.23 231.09 231.2 231.02 231.22 230.94 231.4 231.1 231.18 230.9 231.07 230.81 230.85 230.85 230.95 230.57 230.72 230.5 230.72
228.9 229.22 229.19 229.59 229.39 229.65 229.54 229.8 229.77 229.97 229.97 230.23 230.18 230.31 230.3 230.51 230.36 230.51 230.51 230.67 230.62 230.89 230.73 230.87 230.7 231.04 230.95 231.15 230.97 231.15 230.92 231.06 230.81 231.1 230.82 230.9 230.63 230.89 230.74 230.94 230.94 231.26 231.05 231.19 230.95 231.14 230.87 231.19 230.86 230.91 230.68 230.77 230.59 230.69 230.4 230.84 230.64 230.78 230.56 230.7 230.44 230.46 230.46 230.65 230.37 230.46 230.1 230.21 229.84 230.01 230.01 230.22
228.9 228.92 229.19 229.07 229.39 229.23 229.54 229.45 229.77 229.64 229.95 229.91 230.03 229.99 230.3 230.24 230.36 230.17 230.39 230.28 230.51 230.51 230.73 230.56 230.7 230.62 230.82 230.56 230.77 230.77 230.92 230.72 230.81 230.51 230.58 230.34 230.63 230.47 230.74 230.52 230.77 230.67 230.8 230.56 230.95 230.8 230.87 230.6 230.59 230.3 230.42 230.42 230.59 230.37 230.4 230.22 230.4 230.17 230.31 230.31 230.44 230.09 230.2 229.96 230.05 229.75 230.1 229.78 229.84 229.58 229.79 229.53
228.62 228.54 228.87 228.87 229.02 229.01 229.26 229.23 229.41 229.32 229.56 229.55 229.78 229.69 229.96 229.83 229.99 229.77 230.08 230 230.17 230.06 230.23 230.11 230.27 230.27 230.45 230.32 230.4 230.24 230.31 230.16 230.14 230.14 230.23 229.96 230.04 229.92 230.06 229.96 230.4 230.23 230.48 230.23 230.38 230.23 230.26 230.26 230.33 230 230.08 229.83 229.95 229.68 229.85 229.85 230.01 229.76 229.9 229.66 229.65 229.33 229.79 229.5 229.7 229.38 229.44 229.03 229.11 228.85 229.29 229.02
228.31 228.28 228.48 228.56 228.82 228.69 228.94 228.87 229.09 229.04 229.21 229.18 229.38 229.31 229.56 229.54 229.74 229.51 229.67 229.52 229.71 229.71 229.92 229.73 229.87 229.78 229.94 229.78 229.84 229.84 230.03 229.85 229.97 229.67 229.62 229.41 229.71 229.51 229.71 229.51 229.78 229.64 229.89 229.7 230.07 229.87 229.98 229.69 229.69 229.37 229.44 229.44 229.61 229.35 229.43 229.25 229.34 229.04 229.23 229.23 229.36 228.99 229.06 228.73 228.98 228.67 229.01 228.66 228.67 228.36 228.54 228.27
228.03 227.98 228.25 228.25 228.52 228.37 228.59 228.57 228.77 228.65 228.91 228.86 229.13 229.02 229.23 229.16 229.33 229.08 229.27 229.2 229.35 229.16 229.4 229.31 229.39 229.39 229.56 229.44 229.47 229.33 229.48 229.26 229.39 229.39 229.35 229.13 229.15 228.92 229.09 228.86 229.3 229.18 229.54 229.34 229.47 229.25 229.37 229.37 229.39 229.11 229.12 228.89 228.97 228.77 228.81 228.81 228.93 228.67 228.82 228.51 228.6 228.28 228.63 228.33 228.46 228.17 228.28 227.87 227.94 227.62 228.09 227.8
227.68 227.98 227.9 228.23 228.21 228.38 228.38 228.57 228.48 228.65 228.62 228.83 228.75 228.94 228.94 229.16 229.03 229.08 228.97 229.01 228.9 229.16 229.08 229.31 229.09 229.23 229.08 229.24 229.01 229.33 229.1 229.26 229.09 229.09 228.8 228.79 228.79 228.92 228.7 228.86 228.73 229.06 228.9 229.07 229.07 229.25 228.98 229.08 228.77 228.78 228.47 228.89 228.63 228.77 228.47 228.58 228.34 228.45 228.17 228.51 228.24 228.28 227.95 228.01 227.73 227.85 227.85 227.87 227.52 227.62 227.33 227.45
-9999 227.64 227.62 227.94 227.93 228.09 228.01 228.25 228.2 228.35 228.35 228.48 228.4 228.63 228.52 228.67 228.61 228.68 228.68 228.7 228.57 228.74 228.6 228.78 228.59 228.9 228.72 228.89 228.67 228.79 228.56 228.71 228.5 228.77 228.58 228.5 228.19 228.31 228.1 228.29 228.29 228.6 228.45 228.76 228.39 228.61 228.34 228.74 228.41 228.48 228.13 228.21 227.97 228.12 227.83 228.18 227.92 228.06 227.73 227.87 227.57 227.56 227.56 227.64 227.29 227.41 227.08 227.06 226.76 226.82 226.82 226.96
-9999 227.43 227.3 227.6 227.62 227.78 227.78 227.98 227.91 228.12 227.94 228.08 227.98 228.18 228.18 228.37 228.29 228.41 228.25 228.23 228.09 228.43 228.24 228.48 228.27 228.44 228.19 228.32 228.15 228.44 228.2 228.41 228.16 228.25 227.99 227.91 227.91 227.91 227.7 227.86 227.7 228 227.87 228.06 228.06 228.1 227.95 228.07 227.74 227.83 227.45 227.82 227.55 227.72 227.44 227.5 227.19 227.34 226.97 227.44 227.09 227.21 226.84 226.86 226.53 226.66 226.66 226.66 226.27 226.35 226.01 226.19
-9999 227 227.28 227.28 227.62 227.53 227.76 227.52 227.83 227.66 227.94 227.83 227.98 227.89 228.04 227.89 228.14 227.95 228.25 227.98 228.09 227.95 228.16 227.99 228.09 228.09 228.19 228.03 228.15 227.96 228.03 227.79 227.91 227.91 227.99 227.6 227.62 227.27 227.44 227.2 227.7 227.54 227.87 227.68 227.77 227.53 227.76 227.76 227.74 227.45 227.45 227.19 227.3 227.02 227.11 227.11 227.19 226.93 226.97 226.69 226.82 226.44 226.84 226.42 226.53 226.19 226.22 225.85 225.87 225.51 226.01 225.69
-9999 226.71 226.97 226.87 227.17 227.12 227.39 227.36 227.5 227.47 227.56 227.45 227.63 227.54 227.8 227.63 227.79 227.64 227.74 227.55 227.56 227.56 227.79 227.65 227.81 227.57 227.69 227.48 227.57 227.57 227.68 227.47 227.56 227.35 227.3 226.99 227.24 226.98 227.07 226.79 227.04 226.82 227.21 227.06 227.44 227.18 227.37 227.07 227.09 226.81 226.8 226.8 226.88 226.61 226.76 226.43 226.49 226.24 226.32 226.32 226.39 226.01 226.04 225.67 225.73 225.38 225.86 225.45 225.49 225.1 225.15 224.83
-9999 226.33 226.59 226.59 226.86 226.83 227.07 226.98 227.1 227.04 227.26 227.19 227.29 227.23 227.34 227.19 227.36 227.21 227.46 227.24 227.34 227.11 227.25 227.07 227.24 227.24 227.39 227.14 227.25 226.97 227.04 226.86 226.99 226.99 227.05 226.74 226.64 226.31 226.35 226.16 226.55 226.35 226.76 226.58 226.78 226.53 226.64 226.64 226.75 226.45 226.5 226.11 226.19 225.87 226.06 226.06 226.13 225.86 225.86 225.54 225.59 225.26 225.64 225.25 225.3 224.92 225.06 224.71 224.71 224.27 224.72 224.37
-9999 226.13 226.29 226.3 226.55 226.46 226.73 226.67 226.74 226.68 226.87 226.64 226.89 226.73 227.05 226.88 227.07 226.89 227.04 226.78 226.85 226.85 226.93 226.72 226.94 226.62 226.79 226.53 226.63 226.63 226.8 226.56 226.59 226.3 226.4 226.09 226.35 225.99 226.03 225.7 225.94 225.64 226.02 225.92 226.38 226.1 226.2 225.94 226.06 225.73 225.78 225.78 225.77 225.47 225.6 225.32 225.42 225.11 225.16 225.16 225.22 224.84 224.89 224.5 224.51 224.2 224.6 224.26 224.26 223.87 223.87 223.5
-9999 226.02 225.95 226.3 226.17 226.46 226.37 226.61 226.41 226.63 226.63 226.64 226.57 226.73 226.63 226.76 226.55 226.74 226.74 226.78 226.54 226.56 226.39 226.61 226.36 226.62 226.41 226.53 226.27 226.4 226.16 226.34 225.97 226.3 226.07 226.09 225.7 225.66 225.34 225.45 225.45 225.64 225.47 225.92 225.68 225.8 225.49 225.94 225.68 225.73 225.41 225.42 225.06 225.16 224.88 225.32 225.02 225.11 224.71 224.8 224.46 224.48 224.48 224.5 224.08 224.2 223.79 223.88 223.43 223.44 223.44 223.5
-9999 225.76 225.75 225.92 225.88 226.09 226.09 226.31 226.16 226.28 226.2 226.34 226.09 226.33 226.33 226.4 226.27 226.45 226.24 226.27 225.98 226.26 226.09 226.22 226.01 226.07 225.78 225.9 225.7 226.05 225.84 225.96 225.7 225.71 225.44 225.48 225.48 225.36 225 225.05 224.81 224.96 224.81 225.17 225.17 225.38 225.08 225.19 224.96 224.99 224.64 225.06 224.68 224.71 224.4 224.56 224.22 224.3 223.98 224.41 224.04 224.07 223.72 223.59 223.32 223.31 223.31 223.44 223.05 223.06 222.61 222.7
-9999 225.44 225.35 225.63 225.58 225.82 225.7 225.95 225.73 225.89 225.89 226.03 225.8 226 225.8 225.96 225.73 225.91 225.91 225.91 225.75 225.71 225.48 225.6 225.34 225.74 225.46 225.53 225.38 225.54 225.33 225.29 225.12 225.39 225.11 225.16 224.86 224.67 224.31 224.43 224.43 224.58 224.25 224.57 224.46 224.72 224.39 224.82 224.49 224.6 224.25 224.3 223.94 223.94 223.61 224.11 223.78 223.87 223.51 223.58 223.27 223.29 223.29 223.29 222.84 222.94 222.48 222.62 222.26 222.23 222.23 222.23
-9999 225.13 225.02 225.27 225.2 225.41 225.41 225.57 225.47 225.58 225.49 225.59 225.37 225.52 225.52 225.63 225.46 225.52 225.34 225.43 225.15 225.41 225.12 225.22 225.01 225.08 224.81 224.93 224.71 225.14 224.84 224.97 224.7 224.75 224.45 224.52 224.52 224.39 224.01 223.99 223.69 223.77 223.52 223.85 223.85 224.18 223.96 224.07 223.76 223.91 223.58 223.93 223.55 223.56 223.2 223.28 222.98 223.08 222.73 223.17 222.81 222.87 222.45 222.52 222.11 222.1 222.1 222.19 221.83 221.82 221.39 221.4
-9999 224.83 225 225 225.2 225.08 225.3 225.2 225.36 225.19 225.49 225.32 225.37 225.2 225.3 225.11 225.27 225.06 225.34 225.1 225.15 224.79 224.82 224.5 224.67 224.67 224.81 224.56 224.71 224.43 224.56 224.35 224.43 224.43 224.45 224.15 224.16 223.78 223.65 223.34 223.69 223.38 223.52 223.31 223.68 223.47 223.64 223.64 223.76 223.49 223.58 223.22 223.15 222.81 222.87 222.87 222.98 222.67 222.73 222.39 222.45 222.08 222.45 222.12 222.11 221.66 221.74 221.4 221.45 221 221.39 220.98
-9999 224.54 224.74 224.69 224.8 224.8 225.04 224.89 225.03 224.9 224.93 224.8 224.85 224.7 224.96 224.75 224.97 224.71 224.77 224.55 224.48 224.48 224.51 224.2 224.33 224.06 224.15 223.83 224 224 224.2 223.97 224.07 223.73 223.78 223.46 223.83 223.49 223.37 223.01 223.03 222.69 222.85 222.62 223.15 222.99 223.24 222.91 223.03 222.74 222.83 222.83 222.82 222.41 222.48 222.12 222.25 221.91 221.98 221.98 222 221.68 221.69 221.28 221.25 220.88 221.29 220.96 221.06 220.71 220.62 220.15
