data/realblocks/ce2.asc
NCOLS 100
NROWS 100
XLLCORNER 1506552
YLLCORNER 5533496
CELLSIZE 5
NODATA_VALUE -9999
[rows 64 to 95 of 100, columns 0 to 71 of 100]
-9999 224.2 224.39 224.39 224.57 224.48 224.53 224.46 224.62 224.47 224.63 224.53 224.55 224.38 224.42 224.22 224.37 224.1 224.47 224.22 224.21 223.87 223.91 223.57 223.67 223.67 223.81 223.51 223.66 223.4 223.56 223.24 223.38 223.38 223.39 223.15 223.13 222.84 222.68 222.3 222.65 222.36 222.35 222.07 222.49 222.23 222.51 222.51 222.59 222.3 222.39 222.07 222.04 221.64 221.66 221.66 221.73 221.45 221.58 221.21 221.26 220.97 221.31 220.91 220.86 220.49 220.5 220.14 220.29 219.92 220.24 219.8
-9999 223.88 224.12 223.99 224.28 224.14 224.4 224.19 224.34 224.14 224.19 223.99 224.05 223.79 224.09 223.89 223.99 223.77 223.84 223.58 223.66 223.66 223.57 223.25 223.28 223.04 223.11 222.77 222.96 222.96 223.13 222.82 222.99 222.66 222.69 222.44 222.82 222.47 222.45 221.99 221.96 221.67 221.68 221.4 221.89 221.71 221.96 221.76 221.85 221.55 221.66 221.66 221.69 221.34 221.23 220.89 220.97 220.64 220.78 220.78 220.84 220.49 220.53 220.09 220.09 219.69 220.08 219.74 219.81 219.44 219.44 219.04
-9999 223.77 223.73 223.99 223.92 224.14 223.95 224.01 223.8 223.99 223.99 223.99 223.76 223.79 223.55 223.66 223.45 223.51 223.51 223.58 223.3 223.31 222.99 222.9 222.68 223.04 222.74 222.77 222.54 222.66 222.4 222.59 222.31 222.66 222.35 222.44 222.11 222.14 221.66 221.63 221.63 221.67 221.37 221.4 221.14 221.5 221.29 221.76 221.44 221.55 221.2 221.31 220.93 220.86 220.53 220.89 220.56 220.64 220.34 220.43 220.07 220.13 220.13 220.09 219.7 219.69 219.35 219.38 218.95 219.08 219.08 219.04
-9999 223.54 223.41 223.67 223.53 223.75 223.75 223.75 223.56 223.64 223.39 223.49 223.26 223.26 223.26 223.31 223.07 223.2 222.94 222.99 222.72 223.02 222.71 222.61 222.21 222.41 222.07 222.1 221.8 222.26 221.96 222.13 221.87 222 221.64 221.74 221.74 221.74 221.38 221.26 220.97 220.97 220.65 220.67 220.67 220.98 220.76 221.02 220.71 220.82 220.49 220.92 220.57 220.53 220.14 220.17 219.8 219.88 219.59 220.02 219.66 219.71 219.36 219.33 218.87 218.93 218.93 218.98 218.58 218.68 218.26 218.23
-9999 223.16 223.1 223.39 223.26 223.43 223.29 223.28 223.11 223.16 223.16 223.25 222.95 222.96 222.72 222.64 222.44 222.59 222.59 222.66 222.36 222.38 222.04 222.01 221.62 221.98 221.67 221.68 221.43 221.54 221.23 221.39 221.14 221.62 221.29 221.4 221.05 221.07 220.73 220.58 220.58 220.61 220.2 220.28 219.93 220.21 220 220.52 220.31 220.39 220.05 220.21 219.85 219.81 219.41 219.79 219.43 219.47 219.18 219.24 218.88 218.9 218.9 218.94 218.53 218.54 218.15 218.18 217.83 217.85 217.85 217.85
-9999 222.85 223.1 223 223.18 222.94 223.29 223.11 223.11 222.88 222.92 222.72 222.65 222.43 222.72 222.41 222.44 222.26 222.34 221.98 222.02 222.02 222.04 221.67 221.62 221.26 221.3 220.96 221.08 221.08 221.23 220.94 221.14 220.91 220.96 220.67 221.05 220.68 220.73 220.34 220.25 219.85 219.87 219.51 219.93 219.69 220 219.82 219.98 219.64 219.79 219.79 219.85 219.47 219.41 219.03 219.09 218.72 218.8 218.8 218.88 218.52 218.63 218.14 218.14 217.7 218.15 217.73 217.83 217.39 217.46 217.05
-9999 222.43 222.67 222.67 222.86 222.69 222.84 222.59 222.62 222.37 222.64 222.37 222.41 222.12 222.13 221.82 221.86 221.6 222 221.7 221.76 221.4 221.42 221.02 220.9 220.9 220.95 220.56 220.6 220.28 220.46 220.17 220.37 220.37 220.54 220.26 220.34 220.03 219.97 219.56 219.88 219.51 219.54 219.22 219.24 218.99 219.24 219.24 219.59 219.22 219.35 219.05 219.1 218.71 218.69 218.69 218.68 218.32 218.44 218.05 218.15 217.83 218.14 217.84 217.78 217.42 217.34 217.02 217.02 216.64 217.08 216.66
-9999 222.01 222.41 222.27 222.34 222.27 222.53 222.33 222.35 222.07 222.08 221.83 221.82 221.47 221.79 221.5 221.48 221.2 221.32 221.05 221.03 221.03 221.01 220.71 220.6 220.21 220.21 219.87 219.87 219.87 220.07 219.67 219.92 219.65 219.81 219.52 219.93 219.55 219.65 219.28 219.15 218.82 218.87 218.51 218.86 218.54 218.76 218.49 218.85 218.49 218.64 218.64 218.77 218.44 218.37 218.02 217.98 217.61 217.69 217.69 217.75 217.39 217.45 217.04 217.01 216.64 216.96 216.61 216.65 216.29 216.3 215.91
-9999 221.6 221.95 221.95 222.03 221.87 222.08 221.83 221.81 221.47 221.76 221.55 221.54 221.2 221.16 220.85 220.79 220.5 220.95 220.65 220.66 220.34 220.33 219.96 219.83 219.83 219.84 219.4 219.41 219.11 219.26 218.98 219.19 219.19 219.4 219.1 219.27 218.9 218.95 218.59 218.94 218.51 218.48 218.17 218.09 217.85 218.05 218.05 218.33 218.19 218.26 217.94 218.05 217.69 217.67 217.67 217.63 217.28 217.28 216.92 217.01 216.67 217.05 216.69 216.68 216.28 216.19 215.86 215.86 215.49 215.89 215.52
-9999 221.6 221.51 221.75 221.52 221.73 221.73 221.83 221.58 221.47 221.19 221.24 220.89 220.92 220.92 220.85 220.48 220.5 220.24 220.29 219.94 220.34 219.92 219.96 219.56 219.44 219.06 219.03 218.68 219.11 218.79 218.98 218.73 218.92 218.62 218.77 218.77 218.9 218.59 218.59 218.18 218.15 217.85 217.84 217.84 217.85 217.6 217.85 217.68 217.85 217.61 217.94 217.68 217.69 217.39 217.31 216.96 216.9 216.55 216.92 216.62 216.67 216.31 216.31 215.89 215.85 215.85 215.86 215.45 215.49 215.14 215.11
-9999 221.07 220.94 221.43 221.19 221.37 221.26 221.28 220.97 220.87 220.87 220.92 220.6 220.6 220.21 220.14 219.73 219.83 219.83 219.93 219.56 219.59 219.23 219.15 218.77 219.05 218.66 218.63 218.22 218.33 217.98 218.19 217.92 218.41 218.18 218.31 218.01 218.25 217.88 217.91 217.91 217.8 217.43 217.48 217.18 217.19 216.95 217.36 217.21 217.54 217.21 217.27 217.03 217.08 216.69 217.03 216.63 216.57 216.23 216.21 215.89 215.92 215.92 215.99 215.57 215.53 215.08 215.1 214.68 214.72 214.72 214.73
-9999 220.63 220.51 220.8 220.61 220.82 220.82 220.92 220.65 220.53 220.18 220.24 219.92 219.85 219.85 219.84 219.45 219.42 219.05 219.2 218.81 219.23 218.88 218.75 218.42 218.33 217.93 217.86 217.5 217.84 217.51 217.72 217.45 217.64 217.46 217.56 217.56 217.78 217.51 217.58 217.27 217.16 216.83 216.77 216.77 216.82 216.52 216.72 216.55 216.84 216.57 216.9 216.63 216.71 216.38 216.34 215.96 215.89 215.52 215.88 215.53 215.56 215.25 215.24 214.91 214.8 214.8 214.7 214.31 214.34 213.98 213.95
-9999 220.1 219.91 220.41 220.24 220.38 220.1 220.27 220.01 219.86 219.86 219.89 219.57 219.54 219.14 219.11 218.71 218.63 218.63 218.74 218.4 218.45 218.04 218.06 217.69 218 217.62 217.51 217.16 217.12 216.79 216.97 216.71 217.17 216.94 217.15 216.81 217.1 216.78 216.92 216.92 216.89 216.45 216.52 216.18 216.19 215.92 216.33 216.11 216.43 216.23 216.22 215.97 216 215.66 216.02 215.68 215.6 215.24 215.18 214.82 214.89 214.89 214.91 214.49 214.45 214.05 213.93 213.58 213.6 213.6 213.62
-9999 219.66 219.91 219.75 219.97 219.66 220.1 219.85 220.01 219.65 219.5 219.18 219.17 218.78 219.14 218.71 218.71 218.3 218.22 217.91 218.03 218.03 218.04 217.66 217.69 217.27 217.2 216.77 216.67 216.67 216.79 216.51 216.71 216.46 216.69 216.4 216.81 216.59 216.78 216.5 216.55 216.18 216.18 215.8 216.18 215.81 215.92 215.68 215.89 215.79 215.92 215.92 215.97 215.64 215.66 215.32 215.32 214.92 214.83 214.83 214.82 214.53 214.53 214.23 214.2 213.75 214.05 213.64 213.58 213.21 213.22 212.83
-9999 219.04 219.22 219.22 219.54 219.25 219.34 219.13 219.22 218.9 219.26 218.87 218.83 218.44 218.4 217.99 217.96 217.49 217.87 217.48 217.6 217.26 217.28 216.87 216.9 216.9 216.87 216.46 216.4 216 216.07 215.82 216.01 216.01 216.2 216.06 216.13 215.91 216.11 215.83 216.21 215.9 215.82 215.47 215.56 215.23 215.27 215.27 215.43 215.32 215.59 215.27 215.26 215.01 215 215 214.99 214.62 214.57 214.14 214.16 213.81 214.19 213.84 213.83 213.41 213.33 212.93 212.87 212.44 212.85 212.46
-9999 218.66 218.83 218.55 218.79 218.55 218.91 218.62 218.86 218.5 218.45 218.06 218.06 217.69 218.08 217.65 217.61 217.21 217.07 216.73 216.82 216.82 216.86 216.46 216.48 216.16 216.16 215.72 215.7 215.7 215.71 215.39 215.54 215.28 215.54 215.37 215.68 215.44 215.68 215.4 215.5 215.16 215.14 214.83 215.18 214.92 214.88 214.67 214.83 214.66 214.95 214.95 214.99 214.65 214.7 214.36 214.29 213.95 213.84 213.84 213.81 213.48 213.47 213.13 213.11 212.78 213.04 212.63 212.54 212.09 212.06 211.68
-9999 217.98 218.18 218.18 218.34 218.12 218.21 217.92 218.05 217.73 218.12 217.74 217.7 217.33 217.3 216.84 216.85 216.43 216.72 216.3 216.38 216.04 216.07 215.69 215.75 215.75 215.8 215.4 215.33 214.98 215.02 214.66 214.86 214.86 215.13 214.87 215.05 214.73 215 214.76 215.14 214.83 214.82 214.54 214.62 214.28 214.3 214.3 214.42 214.24 214.55 214.31 214.29 213.97 214.04 214.04 213.97 213.63 213.57 213.19 213.15 212.87 213.13 212.8 212.81 212.37 212.38 211.96 211.78 211.36 211.71 211.35
-9999 217.98 217.72 217.89 217.69 217.84 217.84 217.92 217.62 217.73 217.4 217.24 216.94 216.97 216.97 216.84 216.46 216.43 215.99 215.95 215.59 216.04 215.71 215.69 215.34 215.41 215.03 214.98 214.65 214.98 214.58 214.66 214.43 214.72 214.44 214.71 214.71 214.73 214.55 214.76 214.48 214.55 214.23 214.23 214.23 214.28 213.99 214.04 213.85 214.05 213.87 214.31 213.97 213.97 213.68 213.7 213.36 213.3 212.95 213.19 212.83 212.87 212.49 212.44 212.12 212.05 212.05 211.96 211.55 211.36 210.99 210.95
-9999 217.27 217.01 217.43 217.18 217.4 217.06 217.18 216.87 217.01 217.01 216.96 216.56 216.54 216.15 216.1 215.62 215.61 215.61 215.5 215.15 215.22 214.88 214.94 214.56 215.05 214.65 214.65 214.3 214.21 213.86 214.02 213.78 214.21 213.96 214.33 214 214.16 213.89 214.06 214.06 214.24 213.94 213.96 213.69 213.7 213.45 213.73 213.47 213.58 213.38 213.71 213.31 213.34 213.04 213.36 212.98 212.99 212.7 212.64 212.23 212.13 212.13 212.13 211.8 211.69 211.38 211.28 210.79 210.66 210.66 210.62
-9999 216.97 216.66 216.76 216.42 216.59 216.59 216.7 216.42 216.51 216.19 216.21 215.73 215.76 215.76 215.69 215.22 215.23 214.79 214.68 214.28 214.75 214.33 214.48 214.15 214.26 213.89 213.99 213.63 214 213.62 213.61 213.43 213.6 213.4 213.63 213.63 213.76 213.51 213.71 213.43 213.62 213.32 213.4 213.4 213.44 213.22 213.19 212.96 213.01 212.87 213.23 213.1 213.04 212.71 212.72 212.38 212.36 212.05 212.33 211.97 211.88 211.52 211.45 211.09 211.03 211.03 210.96 210.59 210.38 209.91 209.89
-9999 216.22 216.34 216.34 216.42 216.17 216.23 215.98 216.12 215.73 216.19 215.79 215.73 215.32 215.36 214.86 214.76 214.36 214.79 214.27 214.28 213.95 214.04 213.71 213.83 213.83 213.89 213.71 213.63 213.31 213.3 213.01 213.16 213.16 213.4 213.21 213.45 213.19 213.29 213.08 213.43 213.23 213.32 213.02 213.16 212.95 212.95 212.95 212.96 212.8 212.87 212.72 212.79 212.46 212.45 212.45 212.38 212.1 212.05 211.71 211.58 211.23 211.52 211.1 211.09 210.7 210.65 210.27 210.07 209.66 209.91 209.55
-9999 215.79 215.92 215.59 215.74 215.42 215.89 215.52 215.64 215.32 215.42 214.98 214.91 214.52 214.91 214.48 214.4 213.9 213.89 213.4 213.46 213.46 213.61 213.26 213.43 213.04 213.21 212.89 213.01 213.01 212.98 212.67 212.78 212.55 212.79 212.56 213.02 212.82 212.91 212.71 212.84 212.58 212.69 212.52 212.86 212.68 212.74 212.53 212.47 212.29 212.38 212.38 212.52 212.23 212.18 211.87 211.81 211.49 211.43 211.43 211.34 210.99 210.81 210.49 210.4 210.03 210.3 210 209.84 209.47 209.29 208.97
-9999 215.05 215.11 215.11 215.22 214.94 215.1 214.75 214.87 214.57 215.01 214.62 214.49 214.05 214.09 213.63 213.52 213.02 213.46 213.02 213 212.68 212.81 212.51 212.6 212.6 212.79 212.45 212.65 212.34 212.23 211.99 212.15 212.15 212.37 212.22 212.46 212.18 212.34 212.11 212.43 212.19 212.38 212.17 212.28 212.18 212.32 212.32 212.28 212.08 212.06 211.9 211.98 211.65 211.62 211.62 211.57 211.28 211.19 210.83 210.7 210.33 210.58 210.21 210.14 209.81 209.66 209.35 209.3 208.84 209.05 208.8
-9999 214.63 214.74 214.36 214.46 214.12 214.64 214.32 214.39 214.03 214.2 213.74 213.67 213.17 213.62 213.18 213.15 212.6 212.58 212.16 212.22 212.22 212.29 212.01 212.18 211.89 212.08 211.83 211.95 211.95 211.92 211.62 211.76 211.53 211.79 211.56 212.09 211.8 211.98 211.69 211.88 211.65 211.82 211.65 211.99 211.83 212.07 211.87 211.87 211.73 211.64 211.64 211.67 211.51 211.32 211.1 211.04 210.7 210.64 210.64 210.45 210.1 209.95 209.54 209.45 209.15 209.4 209.03 209.09 208.78 208.58 208.34
-9999 214.28 213.92 214.36 214 214.12 213.78 213.87 213.49 213.75 213.75 213.74 213.25 213.17 212.73 212.72 212.2 212.11 212.11 212.16 211.75 211.88 211.59 211.74 211.49 211.89 211.65 211.83 211.58 211.67 211.33 211.39 211.14 211.53 211.37 211.56 211.44 211.53 211.41 211.5 211.5 211.65 211.47 211.65 211.52 211.73 211.59 211.87 211.73 211.73 211.4 211.39 211.2 211.09 210.85 211.1 210.77 210.7 210.37 210.27 209.89 209.72 209.72 209.54 209.18 209.15 208.89 208.86 208.6 208.45 208.45 208.34
-9999 213.88 213.51 213.56 213.2 213.3 213.3 213.46 213.09 213.13 212.81 212.85 212.3 212.22 212.22 212.26 211.77 211.77 211.28 211.34 210.89 211.43 211.08 211.27 211.04 211.21 210.92 211.14 210.96 211.3 211.06 211.05 210.84 210.96 210.74 211 211 211.19 210.97 211.16 210.96 211.1 210.95 211.12 211.12 211.41 211.31 211.45 211.37 211.33 211.04 211.17 210.94 210.94 210.61 210.56 210.27 210.23 209.83 210.08 209.73 209.55 209.1 209.03 208.66 208.63 208.63 208.56 208.41 208.32 207.97 207.93
-9999 213.03 212.67 213.08 212.74 212.79 212.45 212.64 212.26 212.3 212.3 212.32 211.84 211.78 211.26 211.32 210.77 210.86 210.86 210.86 210.43 210.62 210.33 210.56 210.32 210.78 210.52 210.7 210.45 210.68 210.41 210.42 210.21 210.57 210.37 210.56 210.46 210.65 210.49 210.62 210.62 210.77 210.61 210.8 210.64 210.92 210.84 211.26 211.12 211.15 210.87 210.7 210.46 210.51 210.18 210.33 210.05 209.94 209.66 209.52 209.18 208.95 208.95 208.81 208.46 208.43 208.19 208.09 207.86 207.77 207.77 207.74
-9999 212.48 212.17 212.25 211.79 211.94 211.94 212.11 211.74 211.77 211.4 211.34 210.87 210.8 210.8 210.75 210.31 210.35 209.91 209.97 209.58 210.09 209.82 210.09 209.77 210.07 209.79 210.01 209.74 210.27 209.98 210.1 209.81 210 209.78 210.04 210.04 210.33 210.13 210.34 210.18 210.27 210.14 210.31 210.31 210.56 210.51 210.81 210.71 210.68 210.4 210.54 210.26 210.22 210.01 209.89 209.61 209.53 209.21 209.36 209.05 208.82 208.51 208.37 208.08 207.98 207.98 207.88 207.6 207.65 207.3 207.23
-9999 211.62 211.79 211.79 211.79 211.44 211.58 211.26 211.29 210.82 211.4 210.9 210.87 210.34 210.31 209.81 209.87 209.34 209.91 209.49 209.58 209.23 209.52 209.25 209.53 209.53 209.79 209.53 209.74 209.59 209.71 209.44 209.61 209.61 209.78 209.7 209.95 209.77 209.99 209.86 210.18 210.01 210.14 210.05 210.21 210.13 210.43 210.43 210.71 210.46 210.4 210.07 209.95 209.74 209.71 209.71 209.61 209.38 209.21 208.88 208.73 208.39 208.51 208.22 208.08 207.82 207.7 207.41 207.39 207.16 207.3 207.04
-9999 210.99 211.26 210.87 210.98 210.51 211.08 210.65 210.81 210.29 210.37 209.87 209.86 209.3 209.83 209.27 209.3 208.78 208.95 208.46 208.68 208.68 208.95 208.66 208.96 208.69 209.01 208.73 209.09 209.09 209.3 208.99 209.18 208.95 209.31 209.16 209.58 209.49 209.64 209.49 209.72 209.62 209.71 209.6 209.9 209.8 210.08 210.03 210.22 210 209.92 209.92 209.75 209.47 209.51 209.32 209.18 208.95 208.77 208.77 208.55 208.33 208.1 207.83 207.76 207.47 207.58 207.32 207.2 207.02 206.96 206.83
-9999 209.98 210.33 210.33 210.46 210.01 210.11 209.7 209.85 209.37 209.82 209.4 209.38 208.81 208.79 208.2 208.31 207.78 208.33 207.94 207.95 207.64 208.03 207.74 208.11 208.11 208.46 208.18 208.47 208.16 208.54 208.2 208.44 208.44 208.75 208.59 209 208.86 209.06 208.96 209.39 209.28 209.41 209.31 209.49 209.39 209.68 209.68 209.89 209.72 209.71 209.37 209.25 208.99 209.12 209.12 209.03 208.81 208.64 208.36 208.19 207.89 208 207.74 207.64 207.37 207.3 207.04 206.95 206.77 206.85 206.72
-9999 209.27 209.74 209.35 209.44 208.98 209.52 209.08 209.28 208.83 208.85 208.34 208.39 207.78 208.35 207.72 207.69 207.17 207.34 206.96 207.13 207.13 207.4 207.03 207.49 207.2 207.52 207.28 207.6 207.6 207.98 207.71 207.93 207.68 207.97 207.85 208.44 208.34 208.71 208.53 208.93 208.76 208.95 208.77 209.21 209.13 209.36 209.27 209.41 209.22 209.15 209.15 209.05 208.73 208.8 208.68 208.63 208.36 208.23 208.23 208.05 207.77 207.7 207.44 207.31 207.16 207.19 207.03 206.85 206.66 206.65 206.53
