data/realblocks/ce2.asc
NCOLS 100
NROWS 100
XLLCORNER 1506552
YLLCORNER 5533496
CELLSIZE 5
NODATA_VALUE -9999
[rows 0 to 31 of 100, columns 0 to 71 of 100]
241.12 241.33 241.33 -9999 241.43 -9999 241.56 241.71 241.68 241.78 241.78 -9999 241.94 242.09 242.07 242.14 242.08 242.24 242.24 242.33 242.3 242.47 242.46 242.58 242.52 242.71 242.7 243 243.07 243.24 243.27 243.45 243.34 243.46 243.36 243.52 243.42 243.67 243.58 243.74 243.74 243.85 243.93 244.21 244.11 244.38 244.34 244.49 244.52 244.76 244.64 244.93 244.89 244.89 244.97 245.25 245.25 245.38 245.37 245.62 245.69 245.89 245.89 246.07 245.96 246.12 246.19 246.41 246.28 246.48 246.48 246.8
240.88 241.15 241.15 241.3 241.21 241.37 241.37 241.56 241.49 241.65 241.61 241.73 241.69 241.9 241.9 241.99 241.88 242.07 242.03 242.13 242.09 242.29 242.27 242.4 242.29 242.52 242.52 242.86 242.89 243.1 243.06 243.27 243.18 243.21 243.14 243.26 243.26 243.48 243.44 243.58 243.57 243.73 243.76 243.96 243.96 244.2 244.09 244.26 244.25 244.48 244.42 244.68 244.7 244.8 244.71 244.97 244.92 245.12 245.18 245.37 245.41 245.71 245.71 245.81 245.79 245.91 245.91 246.19 246.19 246.22 246.31 246.49
240.88 240.89 241.12 241.12 241.21 241.18 241.34 241.28 241.45 241.42 241.61 241.53 241.69 241.66 241.83 241.72 241.87 241.82 242.03 241.97 242.09 242.05 242.24 242.24 242.35 242.35 242.52 242.62 242.89 242.9 243.08 243.02 243.18 243.18 243.14 243.12 243.27 243.27 243.48 243.36 243.57 243.55 243.76 243.7 243.9 243.94 244.06 244.06 244.25 244.2 244.42 244.37 244.66 244.57 244.71 244.71 244.92 244.94 245.18 245.19 245.43 245.45 245.71 245.66 245.79 245.6 245.99 245.94 246.12 245.99 246.31 246.24
240.67 240.66 240.89 240.89 240.97 240.91 241.12 241.06 241.29 241.22 241.38 241.38 241.49 241.45 241.63 241.55 241.66 241.64 241.79 241.75 241.88 241.88 242.05 242.05 242.17 242.14 242.4 242.47 242.77 242.77 242.87 242.87 243.03 242.94 243.01 242.95 243.08 243.09 243.25 243.19 243.32 243.28 243.45 243.44 243.68 243.69 243.86 243.78 243.98 243.98 244.15 244.15 244.4 244.37 244.52 244.54 244.78 244.81 245.03 245.03 245.17 245.21 245.42 245.39 245.52 245.42 245.63 245.66 245.87 245.81 245.99 245.95
240.46 240.43 240.65 240.65 240.81 240.74 240.86 240.83 241.05 241.01 241.2 241.18 241.33 241.29 241.4 241.39 241.48 241.45 241.6 241.6 241.74 241.68 241.86 241.86 242.01 242.01 242.14 242.26 242.55 242.55 242.65 242.57 242.76 242.76 242.78 242.68 242.81 242.81 243.03 242.94 243.15 243.05 243.16 243.21 243.39 243.43 243.57 243.57 243.7 243.78 243.96 243.9 244.17 244.15 244.27 244.27 244.5 244.53 244.62 244.76 244.99 244.98 245.19 245.17 245.33 245.21 245.38 245.38 245.58 245.48 245.71 245.68
240.29 240.23 240.38 240.41 240.55 240.45 240.67 240.6 240.85 240.81 240.99 240.97 241.11 241.07 241.25 241.21 241.34 241.31 241.48 241.46 241.56 241.56 241.69 241.69 241.85 241.84 242.03 242.1 242.31 242.31 242.54 242.44 242.55 242.46 242.52 242.38 242.63 242.61 242.76 242.68 242.78 242.79 242.99 242.93 243.2 243.2 243.42 243.33 243.55 243.52 243.77 243.77 243.85 243.93 244.13 244.08 244.3 244.26 244.48 244.48 244.7 244.67 244.97 244.86 245.04 244.91 245.08 245.07 245.29 245.25 245.37 245.37
240.03 240.2 240.17 240.41 240.36 240.45 240.37 240.57 240.58 240.78 240.78 240.97 240.93 241.07 241.03 241.17 241.13 241.26 241.26 241.46 241.41 241.55 241.5 241.69 241.7 241.84 241.83 242.1 242.14 242.31 242.18 242.26 242.28 242.46 242.4 242.38 242.39 242.51 242.5 242.71 242.71 242.79 242.77 242.93 242.96 243.24 243.13 243.33 243.36 243.52 243.6 243.73 243.7 243.93 243.78 244.08 244.02 244.26 244.2 244.45 244.38 244.69 244.69 244.86 244.8 244.91 244.85 245.06 245.04 245.22 245.22 245.37
239.83 239.98 239.95 240.15 240.15 240.22 240.22 240.34 240.3 240.53 240.54 240.77 240.73 240.89 240.89 241.02 240.98 241.11 241.09 241.29 241.22 241.35 241.35 241.47 241.5 241.63 241.58 241.87 241.79 241.97 241.98 242.11 242.09 242.17 242.04 242.18 242.18 242.29 242.3 242.48 242.35 242.57 242.52 242.68 242.68 242.97 242.93 243.21 243.13 243.33 243.34 243.52 243.39 243.74 243.62 243.78 243.81 243.96 243.95 244.19 244.11 244.37 244.3 244.55 244.5 244.63 244.63 244.71 244.68 245.03 244.81 245.05
239.55 239.75 239.73 239.89 239.91 240.1 240.02 240.13 240.09 240.35 240.35 240.54 240.53 240.71 240.69 240.85 240.8 240.92 240.92 241.11 241.08 241.21 241.16 241.3 241.29 241.45 241.37 241.51 241.48 241.76 241.62 241.78 241.75 241.96 241.9 242.03 242 242.12 242.07 242.29 242.29 242.36 242.32 242.51 242.48 242.72 242.7 242.9 242.93 243.06 243.06 243.23 243.13 243.42 243.28 243.48 243.46 243.68 243.64 243.87 243.83 243.98 243.98 244.3 244.26 244.37 244.3 244.48 244.43 244.61 244.61 244.75
239.32 239.53 239.52 239.69 239.7 239.88 239.88 239.96 239.97 240.16 240.18 240.32 240.39 240.56 240.56 240.69 240.64 240.77 240.73 240.9 240.84 241.03 240.96 241.09 241.08 241.22 241.09 241.26 241.25 241.49 241.53 241.69 241.56 241.74 241.74 241.83 241.83 241.89 241.87 242.07 242.02 242.19 242.08 242.3 242.3 242.53 242.5 242.65 242.67 242.83 242.77 243.04 243 243.18 243.11 243.23 243.22 243.42 243.32 243.62 243.54 243.71 243.75 243.99 243.93 244.03 244.03 244.21 244.14 244.41 244.35 244.42
239.32 239.32 239.52 239.52 239.7 239.7 239.84 239.78 239.95 239.98 240.18 240.14 240.39 240.38 240.52 240.48 240.57 240.52 240.73 240.68 240.84 240.76 240.88 240.8 241.01 241.01 241.09 241.03 241.25 241.32 241.47 241.37 241.56 241.56 241.74 241.64 241.69 241.64 241.86 241.82 242.02 242 242.08 242.01 242.21 242.25 242.37 242.37 242.67 242.59 242.77 242.76 242.84 242.86 243.02 243.02 243.22 243.14 243.32 243.29 243.53 243.49 243.75 243.72 243.93 243.84 243.94 243.87 244.07 244.05 244.35 244.24
239.11 239.11 239.32 239.24 239.5 239.5 239.67 239.63 239.76 239.76 239.98 239.93 240.12 240.09 240.37 240.28 240.4 240.36 240.48 240.4 240.56 240.56 240.67 240.57 240.77 240.78 240.88 240.82 241.06 241.06 241.21 241.15 241.26 241.25 241.47 241.43 241.49 241.48 241.7 241.57 241.78 241.78 241.88 241.76 242 241.99 242.25 242.19 242.28 242.29 242.49 242.49 242.64 242.61 242.85 242.73 242.9 242.85 243.05 243.05 243.3 243.17 243.44 243.4 243.63 243.52 243.75 243.65 243.82 243.74 243.98 243.78
238.9 238.93 239.07 239.07 239.24 239.26 239.44 239.39 239.52 239.51 239.75 239.69 239.92 239.9 240.03 239.92 240.15 240.09 240.28 240.23 240.33 240.22 240.35 240.34 240.53 240.53 240.73 240.6 240.85 240.84 241.02 240.95 241.03 241.03 241.28 241.2 241.33 241.24 241.35 241.27 241.5 241.47 241.66 241.58 241.74 241.7 241.93 241.93 242.11 242.08 242.24 242.23 242.4 242.28 242.48 242.48 242.72 242.62 242.74 242.73 242.95 242.84 243.16 243.11 243.39 243.33 243.42 243.31 243.48 243.36 243.65 243.62
238.68 238.93 238.9 239.03 239.06 239.26 239.26 239.39 239.31 239.51 239.44 239.67 239.66 239.87 239.87 239.92 239.93 240.09 240.02 240.08 240.04 240.22 240.16 240.34 240.26 240.56 240.47 240.67 240.71 240.84 240.82 240.95 240.89 241.02 241 241.08 241.08 241.24 241.17 241.27 241.33 241.47 241.38 241.48 241.48 241.7 241.66 241.92 241.86 242.04 241.97 242.23 242.18 242.28 242.28 242.44 242.37 242.58 242.49 242.73 242.62 242.84 242.81 243.08 243.07 243.14 243.14 243.31 243.24 243.36 243.33 243.39
238.42 238.64 238.61 238.83 238.76 239.02 238.97 239.12 239.04 239.24 239.24 239.41 239.39 239.64 239.57 239.7 239.65 239.78 239.78 239.9 239.86 240.02 239.95 240.06 240.09 240.35 240.34 240.4 240.45 240.67 240.49 240.7 240.6 240.75 240.79 240.97 240.88 240.94 240.93 241.04 241.04 241.22 241.13 241.27 241.24 241.38 241.42 241.7 241.62 241.86 241.76 241.95 241.88 242.04 241.97 242.2 242.14 242.3 242.3 242.4 242.3 242.5 242.5 242.78 242.74 242.89 242.81 242.95 242.84 243.04 243.04 243.18
238.17 238.42 238.38 238.54 238.5 238.7 238.7 238.92 238.86 239.02 238.96 239.16 239.12 239.36 239.36 239.51 239.44 239.53 239.51 239.63 239.64 239.79 239.78 239.95 239.88 240.09 240.06 240.22 240.13 240.37 240.3 240.43 240.32 240.45 240.41 240.69 240.69 240.76 240.73 240.86 240.77 240.95 240.89 241.02 241.02 241.25 241.14 241.42 241.36 241.47 241.43 241.67 241.65 241.84 241.76 241.91 241.81 242.03 241.93 242.12 242.05 242.26 242.2 242.38 242.34 242.55 242.55 242.7 242.51 242.74 242.66 242.81
237.87 238.12 238.07 238.32 238.27 238.43 238.43 238.67 238.57 238.74 238.74 238.93 238.89 239.09 239.05 239.2 239.16 239.24 239.24 239.37 239.37 239.62 239.44 239.65 239.66 239.87 239.8 240.01 239.96 240.09 240.08 240.09 239.98 240.18 240.15 240.42 240.36 240.49 240.38 240.6 240.6 240.82 240.71 240.81 240.75 240.89 240.86 241.17 241.06 241.29 241.14 241.32 241.31 241.49 241.43 241.68 241.57 241.77 241.71 241.86 241.7 241.92 241.92 242.13 242.03 242.27 242.11 242.35 242.18 242.38 242.38 242.55
237.87 237.84 238.07 238.01 238.2 238.14 238.43 238.41 238.57 238.5 238.68 238.64 238.85 238.83 239.05 239 239.16 239.01 239.23 239.2 239.35 239.35 239.44 239.49 239.66 239.57 239.85 239.75 239.83 239.83 240.08 239.89 239.98 239.9 240.08 240.19 240.36 240.32 240.38 240.35 240.52 240.57 240.63 240.52 240.75 240.74 240.86 240.88 241.08 240.95 241.12 241.12 241.31 241.22 241.43 241.29 241.43 241.41 241.59 241.59 241.7 241.62 241.78 241.75 242.02 241.88 242.11 242.04 242.18 242.13 242.28 242.17
237.55 237.51 237.73 237.73 237.93 237.84 238.11 238.09 238.28 238.19 238.48 238.43 238.6 238.5 238.79 238.65 238.95 238.87 239.04 238.98 239.12 239.06 239.25 239.19 239.37 239.37 239.57 239.52 239.64 239.6 239.71 239.6 239.72 239.72 239.9 239.83 240.03 239.99 240.1 240.16 240.33 240.26 240.43 240.32 240.48 240.42 240.63 240.63 240.78 240.7 240.85 240.76 240.96 240.89 241.04 241.04 241.19 241.11 241.37 241.3 241.31 241.27 241.58 241.47 241.7 241.6 241.83 241.71 241.85 241.76 242.01 241.85
237.3 237.24 237.49 237.43 237.62 237.57 237.81 237.8 238.06 237.97 238.15 238.13 238.3 238.28 238.56 238.56 238.77 238.71 238.8 238.73 238.84 238.84 238.96 238.95 239.13 239.03 239.26 239.3 239.44 239.44 239.55 239.42 239.51 239.4 239.62 239.54 239.87 239.8 239.93 239.85 240.03 239.98 240.18 240 240.21 240.15 240.32 240.27 240.54 240.46 240.57 240.57 240.74 240.68 240.84 240.7 240.86 240.82 241 241 241.12 241.04 241.24 241.09 241.31 241.25 241.58 241.44 241.57 241.47 241.61 241.46
236.95 236.87 237.14 237.14 237.41 237.35 237.53 237.57 237.82 237.62 237.89 237.88 238.08 238 238.31 238.28 238.44 238.44 238.62 238.51 238.67 238.54 238.67 238.63 238.81 238.81 238.94 239.07 239.16 239.07 239.27 239.19 239.23 239.23 239.32 239.26 239.53 239.53 239.63 239.53 239.81 239.7 239.93 239.77 239.93 239.82 239.92 239.92 240.18 240.18 240.33 240.2 240.38 240.29 240.56 240.56 240.71 240.55 240.73 240.65 240.83 240.64 240.91 240.82 241.08 240.92 241.2 240.99 241.13 241.05 241.35 241.22
236.62 236.87 236.81 237.13 237.09 237.3 237.3 237.57 237.56 237.62 237.61 237.85 237.84 238.01 238.01 238.28 238.19 238.44 238.3 238.43 238.35 238.54 238.56 238.63 238.56 238.72 238.71 238.98 238.91 239.07 239.03 239.19 239.03 239.09 239.05 239.27 239.27 239.53 239.46 239.53 239.49 239.64 239.63 239.67 239.67 239.82 239.73 239.89 239.88 240.07 239.94 240.2 240.09 240.29 240.26 240.47 240.31 240.46 240.4 240.65 240.55 240.64 240.55 240.67 240.56 240.86 240.86 240.99 240.86 241.05 240.92 241.03
236.31 236.54 236.51 236.81 236.79 237.03 236.98 237.26 237.26 237.34 237.34 237.52 237.56 237.73 237.62 237.87 237.91 238.13 238.13 238.25 238.13 238.22 238.22 238.39 238.33 238.55 238.42 238.67 238.6 238.8 238.77 238.83 238.7 238.93 238.84 239.05 239 239.25 239.05 239.26 239.26 239.41 239.32 239.51 239.37 239.44 239.32 239.65 239.54 239.84 239.76 239.87 239.76 239.96 239.93 240.2 240.1 240.17 240.09 240.28 240.15 240.24 240.24 240.37 240.26 240.49 240.37 240.53 240.37 240.59 240.59 240.74
236.01 236.25 236.22 236.49 236.53 236.74 236.74 236.92 236.94 237.14 237.12 237.28 237.19 237.41 237.41 237.7 237.64 237.88 237.75 237.95 237.86 238.02 237.92 238.14 238.02 238.24 238.21 238.42 238.39 238.67 238.49 238.67 238.56 238.59 238.46 238.74 238.74 238.98 238.87 239.05 238.92 239.06 239 239.14 239.14 239.29 239.17 239.26 239.2 239.5 239.33 239.62 239.54 239.71 239.66 239.86 239.77 239.86 239.77 240.03 239.88 240.03 239.86 240 239.88 240.05 240.05 240.28 240.13 240.24 240.14 240.25
235.71 235.94 235.9 236.17 236.18 236.42 236.36 236.57 236.56 236.87 236.87 237.06 236.96 237.07 237.1 237.36 237.33 237.5 237.5 237.66 237.63 237.79 237.66 237.89 237.81 238.05 237.98 238.18 238.15 238.36 238.19 238.33 238.19 238.39 238.23 238.44 238.37 238.6 238.59 238.67 238.67 238.87 238.8 238.93 238.86 238.88 238.77 239.07 238.98 239.17 239.09 239.24 239.21 239.35 239.24 239.53 239.46 239.59 239.39 239.53 239.45 239.56 239.56 239.7 239.54 239.73 239.54 239.79 239.57 239.73 239.73 239.92
235.71 235.66 235.9 235.81 236.15 236.07 236.36 236.23 236.56 236.59 236.73 236.69 236.92 236.85 237.1 237.13 237.33 237.3 237.48 237.38 237.51 237.51 237.66 237.64 237.81 237.75 237.86 237.78 238.13 238.13 238.19 238.06 238.19 238.04 238.12 238.06 238.37 238.3 238.59 238.45 238.62 238.52 238.72 238.62 238.86 238.68 238.77 238.73 238.87 238.78 238.94 238.94 239.21 239.05 239.24 239.1 239.33 239.12 239.28 239.28 239.45 239.27 239.37 239.25 239.34 239.19 239.54 239.43 239.57 239.41 239.58 239.47
235.39 235.32 235.46 235.46 235.82 235.75 236 235.84 236.24 236.2 236.49 236.45 236.68 236.54 236.82 236.75 237.03 237.01 237.21 237.16 237.36 237.29 237.36 237.38 237.5 237.5 237.69 237.58 237.77 237.71 237.93 237.76 237.83 237.83 237.86 237.72 238.04 237.94 238.19 238.06 238.38 238.28 238.46 238.39 238.49 238.34 238.49 238.49 238.61 238.41 238.82 238.62 238.82 238.59 238.77 238.77 239.01 238.85 238.97 238.84 239.04 238.72 239.12 238.96 239.04 238.89 239.02 238.88 239.05 238.88 239.22 239.03
235.14 234.96 235.23 235.2 235.42 235.39 235.75 235.71 235.83 235.89 236.13 236.07 236.33 236.21 236.51 236.39 236.68 236.66 236.97 236.88 237.02 237.02 237.09 237.08 237.29 237.17 237.34 237.28 237.45 237.45 237.68 237.54 237.66 237.43 237.49 237.42 237.7 237.67 237.9 237.88 237.99 237.95 238.13 238.02 238.22 238.07 238.21 238.11 238.14 237.96 238.31 238.31 238.5 238.35 238.56 238.39 238.57 238.34 238.52 238.52 238.66 238.46 238.63 238.47 238.52 238.33 238.74 238.5 238.74 238.6 238.73 238.6
234.65 234.87 234.85 235.2 235.05 235.39 235.38 235.51 235.53 235.89 235.89 236.07 236.09 236.21 236.18 236.45 236.35 236.6 236.6 236.88 236.77 236.96 236.83 237.02 236.88 237.17 237.06 237.28 237.16 237.41 237.31 237.42 237.27 237.43 237.25 237.42 237.33 237.66 237.58 237.73 237.73 237.95 237.8 238.02 237.88 237.97 237.8 238.11 237.97 237.96 237.98 238.18 237.99 238.19 238.11 238.39 238.21 238.34 238.16 238.38 238.17 238.3 238.3 238.47 238.2 238.33 238.21 238.38 238.22 238.41 238.41 238.6
234.52 234.59 234.54 234.79 234.72 235.03 235.03 235.28 235.25 235.55 235.56 235.78 235.68 235.86 235.86 236.1 236.1 236.32 236.33 236.42 236.4 236.68 236.59 236.73 236.62 236.77 236.68 236.85 236.82 237.12 237.03 237.2 236.96 237.06 236.9 237 237 237.37 237.28 237.51 237.43 237.6 237.42 237.6 237.6 237.72 237.5 237.69 237.47 237.63 237.49 237.93 237.74 237.84 237.78 237.89 237.68 237.9 237.69 238.04 237.85 237.98 237.76 237.91 237.71 237.84 237.84 238.05 237.93 238.1 237.96 238.18
234.1 234.22 234.22 234.46 234.43 234.65 234.68 234.95 234.89 235.16 235.16 235.52 235.38 235.64 235.5 235.77 235.7 235.92 235.92 236.15 236.08 236.28 236.23 236.38 236.27 236.51 236.37 236.65 236.57 236.79 236.62 236.8 236.6 236.82 236.68 236.67 236.63 236.96 236.84 237.15 237.15 237.3 237.1 237.4 237.15 237.3 237.08 237.34 237.17 237.26 237.14 237.4 237.24 237.41 237.3 237.61 237.44 237.61 237.44 237.58 237.35 237.5 237.5 237.66 237.42 237.53 237.41 237.56 237.48 237.6 237.6 237.85
233.77 233.97 233.97 234.1 234.08 234.33 234.33 234.65 234.63 234.87 234.77 235.09 235.02 235.21 235.21 235.47 235.44 235.69 235.59 235.91 235.65 236.02 235.92 236.12 235.98 236.21 236.06 236.21 236.15 236.5 236.34 236.52 236.39 236.41 236.27 236.3 236.3 236.58 236.58 236.85 236.66 236.89 236.77 236.92 236.92 237.02 236.84 236.95 236.7 236.82 236.67 237.04 236.95 237.06 236.94 237.13 236.91 237.14 236.9 237.24 237.13 237.29 237.12 237.17 237.01 237.11 237.11 237.25 237.15 237.27 237.13 237.27
