data/realblocks/ce3.asc
NCOLS 100
NROWS 100
XLLCORNER 1506552
YLLCORNER 5533496
CELLSIZE 5
NODATA_VALUE -9999
[rows 64 to 95 of 100, columns 0 to 71 of 100]
-9999 187.96 188 187.93 188.15 188.27 188.32 188.51 188.57 188.61 188.79 188.86 188.86 189.05 189.12 189.09 189.24 189.39 189.35 189.5 189.69 189.57 189.59 189.84 189.71 189.78 189.85 189.85 189.84 189.91 189.74 189.92 189.92 189.86 189.81 189.93 189.77 189.77 189.79 189.79 189.72 189.5 189.31 189.47 189.46 189.33 189.3 189.38 189.13 188.99 188.95 188.95 188.87 188.85 188.79 188.88 188.88 188.73 188.85 188.75 188.55 188.52 188.77 188.43 188.47 188.37 188.37 188.19 188.27 188.04 188.22 188.27
-9999 187.81 187.77 187.77 187.91 188.08 188.02 188.28 188.45 188.43 188.65 188.8 188.84 188.8 188.97 189.09 189.12 189.19 189.35 189.3 189.4 189.44 189.44 189.52 189.61 189.49 189.65 189.68 189.6 189.6 189.74 189.63 189.67 189.63 189.63 189.62 189.66 189.54 189.7 189.64 189.5 189.4 189.31 189.17 189.15 189.17 189.17 189.07 188.99 188.99 188.88 188.75 188.72 188.77 188.79 188.67 188.53 188.73 188.55 188.37 188.34 188.34 188.37 188.28 188.07 188.27 188.18 187.95 187.88 188.04 187.91 187.89
-9999 187.72 187.73 187.78 187.7 187.86 188.02 188.11 188.35 188.43 188.42 188.56 188.77 188.77 188.77 188.94 188.84 188.99 189.12 189.03 189.23 189.37 189.19 189.3 189.36 189.36 189.41 189.46 189.3 189.38 189.46 189.36 189.4 189.61 189.42 189.37 189.52 189.36 189.37 189.41 189.41 189.27 189.17 189.02 189.02 188.97 188.99 188.8 188.96 188.81 188.67 188.51 188.72 188.5 188.54 188.52 188.52 188.43 188.33 188 188.16 188.15 187.93 188.04 188.07 187.94 187.91 187.83 187.83 187.75 187.76 187.76
-9999 187.58 187.52 187.58 187.7 187.7 187.85 188.06 188.06 188.29 188.42 188.34 188.51 188.71 188.63 188.62 188.84 188.79 188.84 189 189 189.09 189.11 189.11 189.17 189.21 189.13 189.26 189.3 189.22 189.22 189.36 189.21 189.3 189.29 189.29 189.31 189.21 189.12 189.22 189.2 189.07 188.99 189.05 188.88 188.74 188.63 188.63 188.7 188.69 188.5 188.54 188.4 188.27 188.25 188.39 188.16 188.02 187.88 187.88 187.81 187.81 187.81 187.89 187.84 187.73 187.79 187.73 187.66 187.49 187.59 187.36
-9999 187.37 187.47 187.47 187.61 187.64 187.66 187.83 188.05 188.02 188.29 188.34 188.36 188.45 188.63 188.52 188.58 188.79 188.79 188.81 188.84 188.7 188.95 189.08 188.92 188.9 189.13 189.04 189.06 189.03 189.03 189.08 189.15 188.99 189.2 189.16 189 188.96 189.12 188.93 188.92 188.91 188.91 188.85 188.71 188.54 188.53 188.57 188.37 188.53 188.5 188.42 188.25 188.27 188.13 188.06 187.94 187.94 187.85 187.7 187.56 187.64 187.75 187.6 187.54 187.73 187.55 187.45 187.44 187.44 187.33 187.25
-9999 187.31 187.35 187.44 187.5 187.56 187.66 187.67 187.8 188.02 188.03 188.19 188.23 188.23 188.41 188.54 188.4 188.65 188.68 188.54 188.57 188.7 188.6 188.72 188.81 188.81 188.83 188.9 188.77 188.89 188.99 188.92 188.85 188.99 188.87 188.94 189 188.85 188.84 188.8 188.8 188.77 188.75 188.61 188.66 188.54 188.42 188.27 188.37 188.35 188.26 188.22 188.22 188.06 187.92 187.68 187.79 187.78 187.58 187.44 187.56 187.34 187.41 187.48 187.48 187.4 187.37 187.25 187.32 187.23 187.09 187.03
-9999 187.07 187.17 187.33 187.33 187.42 187.53 187.48 187.64 187.78 187.78 188.01 188.18 188.11 188.18 188.34 188.34 188.31 188.4 188.28 188.46 188.47 188.39 188.45 188.59 188.55 188.57 188.71 188.68 188.63 188.95 188.92 188.76 188.73 188.85 188.85 188.84 188.75 188.62 188.75 188.64 188.55 188.5 188.61 188.47 188.37 188.29 188.29 188.2 188.24 188.11 188.17 188.05 187.84 187.67 187.68 187.52 187.46 187.34 187.34 187.28 187.17 187.17 187.29 187.32 187.15 187.32 187.25 187.08 187.08 187.09 186.95
-9999 186.99 187.09 187.2 187.27 187.33 187.41 187.48 187.46 187.54 187.8 187.8 187.94 188.02 188.02 188.05 188.17 188.16 188.2 188.28 188.2 188.23 188.39 188.3 188.38 188.41 188.41 188.45 188.51 188.44 188.54 188.67 188.52 188.52 188.61 188.49 188.55 188.55 188.55 188.46 188.45 188.29 188.36 188.34 188.26 188.31 188.3 188.15 188.01 188.08 187.93 187.86 187.81 187.81 187.66 187.42 187.22 187.33 187.24 187.01 187.05 187.11 187.05 186.97 187.11 187.15 187.08 186.97 187.05 187.05 186.84 186.74
-9999 186.89 187.09 187.02 187.18 187.33 187.26 187.41 187.5 187.5 187.64 187.74 187.72 187.92 187.98 187.86 187.98 188.16 188.09 188.01 188.14 188.14 188.13 188.15 188.07 188.24 188.33 188.24 188.33 188.44 188.39 188.42 188.45 188.45 188.4 188.4 188.33 188.5 188.41 188.27 188.31 188.29 188.17 188.24 188.26 188.2 188.14 188.05 188.05 187.87 187.75 187.55 187.65 187.59 187.47 187.25 187.22 187.05 187.02 186.98 186.98 186.82 186.86 186.67 186.84 186.86 186.72 186.8 186.81 186.76 186.66 186.56
-9999 186.89 186.92 187.06 187.06 187.14 187.28 187.29 187.41 187.45 187.4 187.53 187.72 187.59 187.76 187.83 187.83 187.88 187.92 187.88 187.95 187.95 187.92 187.96 188.07 188.03 188.09 188.24 188.15 188.19 188.29 188.29 188.3 188.33 188.23 188.27 188.33 188.14 188.16 188.27 188.15 188.11 188.1 188.1 188.13 188.08 187.92 188 187.83 187.64 187.47 187.55 187.35 187.28 187.27 187.27 187.03 186.89 186.73 186.89 186.75 186.6 186.72 186.67 186.54 186.54 186.72 186.58 186.72 186.59 186.59 186.51
-9999 186.74 186.79 186.89 186.87 187 187.09 187.09 187.22 187.27 187.22 187.36 187.4 187.41 187.55 187.72 187.63 187.67 187.86 187.88 187.73 187.75 187.92 187.82 187.9 187.89 187.89 188.02 188.09 187.99 188.09 188.12 188.02 188.13 188.23 188.03 188.06 188.05 188.05 188.05 188.04 187.93 187.97 187.95 187.9 187.79 187.92 187.76 187.69 187.49 187.49 187.26 187.18 187.18 187.09 187.05 186.92 186.87 186.73 186.58 186.57 186.6 186.41 186.44 186.44 186.44 186.44 186.46 186.35 186.48 186.39 186.3
-9999 186.7 186.7 186.76 186.84 186.84 186.98 187.07 187.05 187.21 187.22 187.17 187.22 187.41 187.35 187.53 187.58 187.58 187.62 187.73 187.59 187.65 187.68 187.63 187.73 187.82 187.74 187.73 187.79 187.79 187.84 187.85 187.69 187.91 188 187.84 187.86 187.9 187.85 187.8 187.98 187.84 187.85 187.78 187.78 187.73 187.7 187.45 187.6 187.42 187.25 187.09 187.05 187.01 186.83 186.78 186.92 186.73 186.53 186.4 186.4 186.45 186.28 186.18 186.29 186.26 186.18 186.25 186.35 186.25 186.24 186.15
-9999 186.56 186.69 186.67 186.71 186.81 186.85 186.97 187.05 187.06 187.17 187.14 187.14 187.18 187.33 187.2 187.46 187.55 187.41 187.42 187.59 187.52 187.48 187.54 187.54 187.63 187.6 187.6 187.64 187.67 187.54 187.7 187.69 187.58 187.74 187.84 187.76 187.76 187.65 187.65 187.75 187.74 187.68 187.76 187.65 187.42 187.38 187.45 187.27 187.16 187.1 187.1 186.91 186.76 186.62 186.72 186.66 186.48 186.4 186.43 186.27 186.19 186.12 186.12 186.03 186.07 186.07 186.04 186.11 185.99 186.1 186.05
-9999 186.38 186.53 186.67 186.71 186.69 186.79 186.79 186.89 187 186.97 187.06 187.12 187.01 187.13 187.2 187.12 187.33 187.41 187.36 187.46 187.44 187.44 187.46 187.51 187.4 187.56 187.48 187.41 187.39 187.54 187.51 187.44 187.47 187.47 187.62 187.67 187.57 187.64 187.61 187.5 187.53 187.68 187.49 187.39 187.3 187.3 187.19 187.05 186.87 187.06 186.98 186.82 186.78 186.62 186.48 186.48 186.48 186.41 186.33 186.12 186.12 186.01 186.08 185.91 185.91 185.88 185.82 185.82 185.99 185.93 185.83
-9999 186.23 186.39 186.55 186.48 186.58 186.65 186.67 186.74 186.89 186.97 186.94 186.96 187.01 186.96 187 187.16 187.16 187.22 187.31 187.21 187.37 187.43 187.25 187.32 187.4 187.41 187.39 187.23 187.23 187.29 187.35 187.21 187.35 187.41 187.39 187.42 187.57 187.44 187.44 187.5 187.43 187.35 187.29 187.29 187.22 187.14 186.96 187.04 186.87 186.67 186.74 186.82 186.62 186.46 186.36 186.36 186.26 186.29 186.12 186.09 185.97 185.87 185.81 185.91 185.76 185.72 185.68 185.68 185.75 185.74 185.59
-9999 186.23 186.25 186.3 186.48 186.42 186.53 186.57 186.57 186.74 186.83 186.76 186.87 186.96 186.87 186.85 186.95 186.94 187.04 187 187 187.21 187.23 187.08 187.16 187.19 187.13 187.24 187.24 187.17 187.07 187.2 187.09 187.14 187.17 187.17 187.28 187.4 187.33 187.39 187.31 187.3 187.08 187.15 187.12 186.9 186.86 186.96 186.78 186.71 186.71 186.71 186.59 186.5 186.3 186.34 186.21 186.02 186.03 186.12 186.03 185.83 185.74 185.74 185.69 185.66 185.66 185.61 185.62 185.48 185.59 185.59
-9999 185.98 186.13 186.13 186.27 186.43 186.39 186.54 186.6 186.58 186.64 186.76 186.7 186.78 186.77 186.77 186.83 186.86 186.86 186.96 187 186.99 187.09 187.08 187.01 187.02 187.13 187.06 187.09 187.05 187.05 186.93 187.01 186.91 187.05 187.14 187.04 187.11 187.33 187.2 187.08 186.97 186.97 186.87 186.81 186.62 186.77 186.73 186.64 186.5 186.59 186.48 186.41 186.5 186.32 186.17 186.05 186.05 185.9 185.87 185.69 185.82 185.74 185.55 185.54 185.59 185.47 185.46 185.41 185.41 185.33 185.38
-9999 185.8 185.98 186.09 186.06 186.2 186.39 186.28 186.43 186.58 186.47 186.54 186.68 186.68 186.77 186.7 186.69 186.7 186.81 186.72 186.72 186.99 186.92 186.93 186.92 186.92 186.96 186.96 186.81 186.91 186.89 186.79 186.83 186.91 186.83 186.91 186.98 186.98 187 187.03 187.03 186.92 186.78 186.65 186.74 186.62 186.48 186.48 186.64 186.49 186.35 186.39 186.39 186.28 186.15 186.01 186.04 185.84 185.71 185.64 185.69 185.58 185.61 185.45 185.45 185.42 185.37 185.22 185.3 185.3 185.19 185.16
-9999 185.8 185.81 185.91 186.06 186.07 186.15 186.32 186.32 186.32 186.41 186.42 186.55 186.62 186.55 186.59 186.69 186.57 186.65 186.56 186.56 186.97 186.86 186.76 186.87 186.91 186.75 186.75 186.81 186.69 186.8 186.79 186.77 186.65 186.77 186.77 186.84 186.88 186.76 186.9 186.9 186.69 186.58 186.65 186.52 186.44 186.36 186.36 186.33 186.33 186.2 186.26 186.25 186.17 185.99 186.01 185.88 185.78 185.59 185.59 185.52 185.45 185.42 185.46 185.36 185.25 185.28 185.22 185.13 185.18 185.19 185.06
-9999 185.59 185.58 185.77 185.88 185.83 185.88 186.05 185.99 186.15 186.21 186.21 186.29 186.49 186.36 186.44 186.53 186.51 186.54 186.54 186.48 186.47 186.63 186.6 186.72 186.67 186.67 186.66 186.65 186.66 186.66 186.67 186.64 186.53 186.55 186.67 186.65 186.63 186.76 186.55 186.54 186.51 186.51 186.39 186.35 186.22 186.3 186.25 186.15 186.17 186.2 186.11 186.05 186.17 186.03 185.86 185.76 185.76 185.63 185.45 185.32 185.39 185.42 185.34 185.21 185.25 185.12 185.08 185.04 185.04 185.03 184.91
-9999 185.34 185.58 185.6 185.73 185.83 185.75 185.84 186 186 186.1 186.16 186.11 186.26 186.36 186.34 186.36 186.51 186.38 186.42 186.39 186.39 186.43 186.52 186.5 186.63 186.63 186.51 186.57 186.57 186.49 186.47 186.48 186.48 186.49 186.4 186.34 186.47 186.43 186.28 186.26 186.35 186.23 186.2 186.28 186.13 186.06 186.01 186.01 186 186.04 185.94 186.01 185.98 185.86 185.76 185.75 185.6 185.45 185.32 185.32 185.2 185.16 185.17 185.17 185.11 185.07 184.92 185.04 184.94 184.86 184.73
-9999 185.23 185.4 185.53 185.53 185.65 185.82 185.71 185.86 185.91 185.86 185.99 186.11 186.1 186.14 186.27 186.27 186.29 186.35 186.22 186.3 186.34 186.28 186.35 186.5 186.43 186.46 186.44 186.44 186.47 186.39 186.39 186.35 186.37 186.28 186.37 186.34 186.16 186.19 186.28 186.14 186.09 186.11 186.11 186.09 186.05 185.88 186.01 185.93 185.88 185.88 185.94 185.89 185.83 185.73 185.73 185.6 185.47 185.34 185.36 185.19 185.08 184.97 185.03 184.95 184.97 185.05 184.92 184.85 184.76 184.76 184.75
-9999 185.22 185.25 185.39 185.6 185.49 185.65 185.71 185.65 185.74 185.87 185.87 185.96 185.98 185.95 186.07 186.16 186.1 186.15 186.22 186.15 186.16 186.28 186.15 186.28 186.34 186.34 186.4 186.34 186.29 186.41 186.28 186.23 186.15 186.28 186.13 186.1 186.04 186.04 186.05 186.02 185.87 185.94 186.01 185.86 185.9 185.88 185.78 185.71 185.84 185.84 185.78 185.71 185.64 185.7 185.59 185.5 185.47 185.34 185.24 185.05 185.08 184.96 184.92 184.86 184.86 184.9 184.83 184.74 184.72 184.66 184.58
-9999 185.15 185.15 185.23 185.44 185.27 185.46 185.58 185.49 185.58 185.67 185.6 185.71 185.91 185.84 185.91 185.95 186.1 186.08 186.04 186.06 186.06 186.08 186.1 186.02 186.16 186.24 186.27 186.26 186.29 186.21 186.18 186.05 186.05 185.97 185.99 185.89 185.9 185.92 185.78 185.76 185.87 185.82 185.73 185.86 185.75 185.74 185.71 185.71 185.67 185.68 185.65 185.68 185.64 185.5 185.47 185.5 185.31 185.26 185.1 185.1 184.97 184.87 184.83 184.82 184.77 184.71 184.67 184.74 184.58 184.46 184.48
-9999 185.01 185.12 185.06 185.15 185.27 185.22 185.44 185.49 185.48 185.49 185.61 185.61 185.72 185.81 185.71 185.86 185.87 185.88 185.87 185.97 185.9 185.89 185.91 185.91 186 186.12 186.01 186.17 186.21 186.01 186.03 185.98 185.89 185.76 185.87 185.74 185.79 185.63 185.63 185.64 185.63 185.5 185.63 185.64 185.59 185.53 185.64 185.67 185.53 185.55 185.65 185.49 185.41 185.42 185.42 185.28 185.23 185.05 185.09 184.92 184.78 184.71 184.83 184.67 184.62 184.62 184.62 184.62 184.44 184.44 184.35
-9999 184.89 184.96 185.06 185.01 185.17 185.26 185.26 185.31 185.43 185.39 185.51 185.54 185.5 185.62 185.71 185.68 185.77 185.76 185.76 185.76 185.82 185.82 185.83 185.8 185.79 185.98 186.01 185.94 185.96 186.01 185.85 185.79 185.74 185.74 185.65 185.62 185.5 185.65 185.53 185.43 185.44 185.5 185.42 185.43 185.46 185.46 185.42 185.4 185.33 185.42 185.43 185.3 185.27 185.27 185.21 185.12 185.15 185.11 184.98 184.77 184.77 184.7 184.69 184.5 184.56 184.57 184.38 184.39 184.43 184.32 184.31
-9999 184.88 184.88 184.97 185.02 184.91 185.06 185.23 185.1 185.27 185.39 185.32 185.36 185.5 185.45 185.55 185.65 185.65 185.63 185.68 185.58 185.76 185.77 185.7 185.7 185.79 185.78 185.82 185.81 185.81 185.77 185.68 185.48 185.58 185.59 185.48 185.48 185.5 185.48 185.38 185.28 185.28 185.29 185.31 185.31 185.3 185.4 185.28 185.36 185.33 185.22 185.21 185.3 185.18 185.12 185.05 185.05 184.97 184.96 184.83 184.87 184.69 184.57 184.45 184.5 184.4 184.36 184.26 184.26 184.28 184.22 184.14
-9999 184.69 184.69 184.75 184.9 184.83 184.84 184.92 185.1 185.01 185.16 185.31 185.31 185.33 185.42 185.34 185.5 185.56 185.44 185.51 185.58 185.57 185.6 185.71 185.71 185.74 185.7 185.62 185.74 185.72 185.54 185.47 185.48 185.39 185.47 185.48 185.45 185.31 185.33 185.33 185.29 185.25 185.12 185.16 185.25 185.07 185.1 185.28 185.17 185.2 185.16 185.16 185.15 185.05 184.94 185.01 184.93 184.83 184.84 184.83 184.7 184.57 184.46 184.46 184.39 184.27 184.2 184.22 184.2 184.14 184.2 184.14
-9999 184.45 184.62 184.62 184.69 184.86 184.75 184.78 184.91 184.89 185.02 185.23 185.12 185.18 185.22 185.22 185.3 185.38 185.28 185.45 185.46 185.38 185.51 185.61 185.47 185.57 185.63 185.58 185.51 185.46 185.46 185.37 185.33 185.28 185.33 185.33 185.16 185.14 185.19 185.22 185.08 185 185.12 184.95 184.94 184.99 184.99 185.05 185.13 185.09 185.09 185.09 185.04 184.9 184.94 184.81 184.69 184.83 184.77 184.68 184.56 184.56 184.43 184.32 184.21 184.31 184.2 184.11 184.08 184.14 184.01 184
-9999 184.32 184.48 184.64 184.58 184.65 184.75 184.7 184.75 184.89 184.85 184.9 185.11 185.11 185.22 185.19 185.11 185.23 185.28 185.27 185.28 185.38 185.39 185.42 185.43 185.43 185.45 185.41 185.28 185.36 185.28 185.22 185.18 185.28 185.11 185.11 185.07 185.07 185.08 184.99 184.89 184.92 184.91 184.88 184.84 184.9 184.81 184.88 184.97 185 184.98 184.92 184.92 184.89 184.8 184.67 184.66 184.65 184.52 184.51 184.53 184.49 184.33 184.3 184.3 184.1 184.04 183.98 183.99 183.97 183.92 183.86
-9999 184.32 184.31 184.48 184.58 184.6 184.56 184.7 184.7 184.69 184.78 184.74 184.99 185.07 185 185.05 185.11 185.06 185.13 185.21 185.21 185.3 185.35 185.21 185.31 185.34 185.22 185.22 185.28 185.17 185.15 185.12 185.12 185.13 185 185 184.95 184.97 184.88 184.97 184.89 184.78 184.75 184.88 184.71 184.7 184.8 184.8 184.82 184.88 184.8 184.84 184.85 184.73 184.59 184.67 184.52 184.47 184.41 184.41 184.33 184.29 184.16 184.14 184.1 183.99 183.83 183.98 183.83 183.86 183.84 183.81
-9999 184.22 184.24 184.24 184.45 184.48 184.48 184.6 184.64 184.56 184.69 184.74 184.77 184.92 184.94 184.94 185 185.04 184.97 185.12 185.14 185.08 185.25 185.21 185.09 185.14 185.22 185.16 185.12 185.05 185.05 185 184.94 184.84 184.92 184.94 184.8 184.73 184.88 184.76 184.74 184.66 184.66 184.66 184.67 184.53 184.58 184.7 184.58 184.74 184.8 184.74 184.68 184.61 184.61 184.53 184.41 184.41 184.34 184.25 184.13 184.21 184.16 184.01 183.97 183.99 183.86 183.81 183.71 183.71 183.7 183.65
