data/realblocks/ce3.asc
NCOLS 100
NROWS 100
XLLCORNER 1506552
YLLCORNER 5533496
CELLSIZE 5
NODATA_VALUE -9999
[rows 32 to 63 of 100, columns 0 to 71 of 100]
-9999 200.3 200.3 200.45 200.76 200.31 200.95 201.08 200.64 200.77 201.26 200.74 200.78 200.64 200.64 200.57 200.35 199.81 199.98 199.85 199.32 199.33 199.86 199.38 199.28 199.23 199.23 199.38 199.45 199.15 199.63 199.52 199.27 199.23 199.51 199.26 199.5 199.98 199.77 200.18 200.38 200.38 200.6 200.82 200.46 201.14 201.2 200.73 200.93 201.59 201.18 201.36 201.64 201.64 201.94 202.26 201.86 202.51 202.85 202.41 202.56 203.25 202.66 202.88 202.96 202.96 203.06 203.11 203.17 203.17 203.15 203.2
-9999 199.74 199.84 199.55 199.73 200.31 199.93 200.08 200.18 200.18 200.23 200.18 199.69 200.23 200.08 199.51 199.45 199.81 199.28 198.99 198.85 198.85 198.88 198.93 198.93 198.87 198.9 198.55 199.01 199.15 198.91 199.05 199.27 198.97 198.96 198.99 198.99 199.22 199.54 199.22 199.86 200.05 199.72 199.85 200.46 200 200.15 200.38 200.38 200.52 200.78 200.38 200.98 201.23 200.85 201.16 201.86 201.51 201.66 202.41 201.85 202.04 202.11 202.11 202.21 202.29 201.67 202.47 202.42 201.82 201.81 202.57
-9999 198.93 198.99 199.17 199.17 199.32 199.52 199.19 199.6 199.71 199.22 199.73 199.69 199.15 199.09 199.51 198.98 198.89 198.73 198.73 198.46 198.4 197.96 198.41 198.49 198.19 198.14 198.55 198.36 198.46 198.71 198.71 198.79 198.67 198.4 198.72 198.74 198.45 198.73 199.22 198.97 199.15 199.35 199.35 199.47 199.59 199.21 199.76 199.97 199.67 200.18 200.38 200.1 200.27 200.85 200.5 200.82 201.05 201.05 201.2 201.33 200.87 201.53 201.52 200.99 201.13 201.67 201.2 201.16 201.22 201.22 201.16
-9999 198.13 198.54 198.65 198.3 198.47 198.99 198.52 198.73 198.74 198.74 198.72 198.76 198.19 198.61 198.51 198.06 197.98 198.4 198.09 197.86 197.68 197.68 197.69 197.72 197.49 197.86 197.87 198.04 197.83 198.24 198.43 198.17 198.2 198.4 198.06 198.19 198.45 198.28 198.44 198.65 198.65 198.79 198.96 198.58 199.04 199.21 198.86 199.04 199.67 199.25 199.45 199.71 199.71 199.9 200.18 199.75 200.41 200.56 200.11 200.31 200.87 200.36 200.39 200.51 200.51 200.51 200.58 199.97 200.6 200.58 199.99
-9999 198.13 197.81 197.84 198 198 198.09 198.17 197.78 198.25 198.3 197.83 197.79 198.19 197.75 197.72 197.65 197.65 197.56 197.66 197.17 197.47 197.3 197.02 197.25 197.49 197.25 197.38 197.67 197.41 197.56 197.79 197.79 197.9 197.96 197.64 197.85 197.94 197.69 197.7 198.18 197.81 197.94 198.06 198.06 198.27 198.29 198.04 198.57 198.7 198.4 198.6 199.07 198.78 199.1 199.18 199.18 199.37 199.51 199.71 199.71 199.77 199.88 199.88 199.84 199.94 199.42 200.06 199.97 199.4 199.41 199.99
-9999 197.42 197.45 197.08 197.5 197.64 197.24 197.27 197.78 197.32 197.33 197.34 197.34 197.41 197.35 197.35 197.21 197.16 196.85 197.17 197.17 196.83 196.83 197.02 196.8 196.88 196.95 196.95 197.1 197.27 197 197.36 197.52 197.3 197.41 197.64 197.43 197.46 197.45 197.45 197.47 197.52 197.29 197.63 197.79 197.49 197.65 198.04 197.8 197.97 198.4 198.1 198.24 198.49 198.49 198.65 198.8 198.47 198.94 199.05 198.64 198.82 199.35 198.9 198.91 198.9 198.9 198.98 198.91 198.46 198.95 198.98
-9999 196.77 197.06 197.08 196.7 196.73 197.24 196.87 196.93 196.93 196.93 197 196.94 196.6 196.95 196.93 196.48 196.44 196.85 196.49 196.48 196.59 196.59 196.54 196.54 196.36 196.55 196.88 196.56 196.7 197 196.84 196.94 197.08 197.08 197.23 197.19 197.19 197.14 197.18 196.92 197.19 197.29 196.98 197.14 197.49 197.24 197.42 197.56 197.56 197.64 197.77 197.5 198 198.13 197.82 198.01 198.47 198.09 198.18 198.3 198.3 198.42 198.52 198.06 198.46 198.5 198.13 198.1 198.46 198.03 198.07
-9999 196.43 196.46 196.37 196 196.37 196.46 196.02 196.08 196.6 196.16 196.25 196.16 196.16 196.23 196.23 196.14 196.14 196.21 196.11 195.85 196.16 196.33 196.01 196.04 196.36 196.13 196.17 196.56 196.43 196.51 196.63 196.63 196.73 196.83 196.63 197.06 197.01 196.7 196.6 196.92 196.59 196.56 196.7 196.7 196.82 196.93 196.67 197.14 197.31 196.95 197.05 197.5 197.2 197.34 197.5 197.5 197.66 197.7 197.34 197.81 197.99 197.61 198.09 198.06 197.76 197.67 198.13 197.68 197.67 197.61 197.61
-9999 196.03 195.61 195.57 196 195.57 195.63 195.72 195.72 195.69 195.75 195.41 195.79 195.76 195.4 195.79 195.86 195.44 195.52 195.76 195.43 195.51 195.68 195.68 195.78 195.81 195.56 195.89 195.97 195.87 195.95 196.27 196.05 196.1 196.22 196.22 196.43 196.39 196.19 196.38 196.31 196.07 196.01 196.31 196.04 196.14 196.2 196.67 196.41 196.5 196.95 196.6 196.74 196.88 196.88 197.02 197.21 196.78 197.28 197.34 197.01 197.12 197.61 197.22 197.28 197.3 197.3 197.28 197.3 196.9 197.23 197.27
-9999 195.28 195.61 195.27 195.17 195.21 195.21 195.28 195.28 194.94 195.37 195.41 195.1 195.04 195.4 195.1 195.17 195.08 195.08 195.15 195.13 194.86 195.24 195.47 195.13 195.35 195.56 195.39 195.41 195.57 195.57 195.7 195.83 195.58 195.94 195.98 195.75 195.89 196.19 195.87 195.79 196.07 195.74 195.74 195.79 195.79 195.88 195.93 195.61 196.11 196.26 195.86 195.97 196.4 196.06 196.28 196.38 196.38 196.48 196.52 196.3 196.66 196.74 196.42 196.48 196.88 196.5 196.59 196.52 196.52 196.56 196.52
-9999 194.93 194.91 194.82 194.48 194.84 194.84 194.55 194.67 194.94 194.64 194.62 194.66 194.66 194.68 194.68 194.43 194.78 194.77 194.5 194.55 194.86 194.64 194.83 194.98 194.98 195.15 195.18 195.18 195.23 195.46 195.19 195.53 195.58 195.36 195.41 195.75 195.5 195.61 195.51 195.51 195.46 195.47 195.2 195.47 195.51 195.22 195.32 195.61 195.34 195.46 195.57 195.57 195.7 195.77 195.47 195.94 196.05 195.71 195.79 196.3 195.95 195.98 196.42 196.01 196.15 196.18 196.18 196.28 196.22 195.82 196.21
-9999 194.22 194.17 194.27 194.48 194.16 194.19 194.24 194.24 194.36 194.29 194.1 194.37 194.41 194.17 194.45 194.43 194.21 194.28 194.5 194.25 194.38 194.44 194.44 194.58 194.8 194.75 195.04 195.01 194.75 194.87 195.19 194.94 195.09 195.09 195.09 195.24 195.28 195 195.28 195.31 195.04 194.98 195.2 194.96 194.98 194.95 194.95 195.03 195.14 194.89 195.26 195.34 195.08 195.46 195.47 195.29 195.3 195.71 195.45 195.55 195.61 195.61 195.66 195.68 195.41 195.89 195.83 195.59 195.54 195.82 195.56
-9999 193.91 193.52 193.89 193.93 193.58 193.83 193.88 193.61 193.66 194.03 193.74 193.79 193.79 193.79 193.92 193.97 193.73 194.08 194.12 193.82 193.95 194.23 194.03 194.1 194.29 194.29 194.58 194.61 194.45 194.64 194.66 194.39 194.57 194.91 194.9 194.63 194.79 195 194.71 194.79 195.04 194.81 194.84 194.8 194.8 194.73 194.76 194.5 194.77 194.89 194.59 194.73 195.08 194.83 194.93 194.97 194.97 195.03 195.13 194.89 195.2 195.29 195.01 195.03 195.41 195.13 195.18 195.36 195.36 195.31 195.22
-9999 193.53 193.52 193.17 193.21 193.58 193.26 193.29 193.31 193.31 193.48 193.51 193.26 193.47 193.64 193.39 193.51 193.73 193.5 193.63 193.63 193.63 193.72 193.87 193.71 194.04 194.14 194.11 194.33 194.45 194.24 194.24 194.39 194.27 194.31 194.44 194.44 194.41 194.48 194.27 194.53 194.6 194.37 194.36 194.61 194.33 194.33 194.25 194.25 194.26 194.32 193.99 194.37 194.45 194.24 194.29 194.68 194.39 194.37 194.5 194.5 194.54 194.6 194.3 194.65 194.75 194.83 194.83 194.94 195.03 194.69 194.96
-9999 192.93 192.92 192.84 192.84 192.9 192.95 192.71 193.11 193.1 192.92 192.95 193.26 193.15 193.14 193.39 193.22 193.23 193.27 193.27 193.39 193.57 193.35 193.62 193.71 193.6 193.76 194.11 193.88 194.02 194.08 194.08 193.99 194.04 193.93 194.2 194.24 193.96 193.97 194.27 194.07 194.05 194.11 194.11 194.06 194.12 193.79 194.09 193.98 193.72 193.71 193.99 193.73 193.84 194.24 193.94 194.03 194.06 194.06 194.07 194.14 193.85 194.34 194.3 194.02 194.09 194.46 194.19 194.26 194.35 194.35 194.42
-9999 192.57 192.3 192.6 192.68 192.43 192.71 192.71 192.53 192.65 192.92 192.67 192.88 192.91 192.91 192.96 193 192.87 193.08 193.12 192.97 193.1 193.35 193.3 193.47 193.48 193.48 193.58 193.7 193.54 193.78 193.85 193.63 193.63 193.93 193.66 193.79 193.77 193.77 193.8 193.82 193.82 193.83 193.95 193.77 193.81 193.79 193.56 193.55 193.72 193.46 193.44 193.49 193.49 193.59 193.72 193.4 193.8 193.79 193.5 193.6 193.85 193.62 193.69 193.78 193.78 193.85 193.96 193.68 193.99 194.07 193.81
-9999 192.21 191.96 192.09 192.13 192.13 192.13 192.27 192.05 192.32 192.43 192.17 192.32 192.73 192.5 192.63 192.55 192.55 192.68 192.78 192.6 192.82 193.07 193.01 193.1 193.31 193.34 193.25 193.48 193.54 193.39 193.49 193.63 193.51 193.49 193.46 193.46 193.55 193.48 193.31 193.56 193.59 193.42 193.37 193.77 193.51 193.37 193.34 193.34 193.28 193.2 193.01 193.22 193.26 193.01 193.09 193.4 193.16 193.21 193.32 193.32 193.39 193.39 193.16 193.48 193.51 193.24 193.67 193.68 193.49 193.45 193.81
-9999 191.7 191.72 191.5 191.78 191.88 191.67 191.73 192.05 191.89 191.91 192.03 192.03 192.17 192.35 192.19 192.41 192.45 192.3 192.54 192.6 192.47 192.67 193.01 192.91 192.97 193.02 193.02 193.07 193.09 192.98 193.22 193.31 193.13 193.06 193.3 193.02 193.04 193.12 193.12 193.08 193.17 192.94 193.19 193.15 192.92 193.08 193.14 192.87 192.87 192.81 192.81 192.71 192.71 192.71 192.7 192.82 192.91 192.91 193 193 192.76 193.11 193.16 192.9 192.97 193.24 193.07 193.08 193.15 193.15 193.21
-9999 191.22 191.21 191.5 191.3 191.35 191.67 191.44 191.62 191.63 191.63 191.74 191.93 191.74 192.11 192.19 192.07 192.15 192.3 192.22 192.26 192.39 192.39 192.62 192.76 192.68 192.93 192.9 192.73 192.71 192.98 192.85 192.82 192.96 192.96 192.92 192.89 192.69 192.91 192.92 192.72 192.87 192.94 192.67 192.77 192.92 192.73 192.81 192.63 192.63 192.62 192.52 192.32 192.48 192.45 192.23 192.3 192.57 192.33 192.36 192.49 192.49 192.56 192.62 192.38 192.62 192.78 192.52 192.59 192.87 192.58 192.69
-9999 191.22 190.94 191.01 191.07 191.07 191.22 191.27 191.08 191.44 191.52 191.36 191.53 191.74 191.57 191.79 191.91 191.91 191.91 192.07 191.94 192.12 192.35 192.33 192.42 192.68 192.63 192.6 192.55 192.55 192.59 192.64 192.64 192.73 192.79 192.62 192.72 192.69 192.5 192.49 192.72 192.52 192.49 192.55 192.55 192.51 192.63 192.38 192.52 192.44 192.15 192.21 192.32 192.05 191.98 191.98 191.98 192.03 192.13 191.84 192.13 192.31 192.01 192.18 192.38 192.14 192.17 192.52 192.31 192.36 192.39 192.39
-9999 190.68 190.46 190.57 190.86 190.71 190.86 190.87 190.87 190.94 191.08 190.92 191.21 191.37 191.52 191.39 191.66 191.74 191.66 191.77 191.94 191.84 192 192.33 192.22 192.34 192.44 192.44 192.46 192.37 192.24 192.47 192.47 192.37 192.35 192.62 192.46 192.36 192.27 192.27 192.3 192.28 192.18 192.29 192.32 192.1 192.11 192.38 192.1 192.06 191.99 191.99 191.88 191.91 191.91 191.74 191.73 191.52 191.79 191.84 191.64 191.79 192.01 191.86 191.89 191.93 191.93 192.02 192.07 191.85 192.13 192.14
-9999 190.31 190.4 190.4 190.43 190.63 190.63 190.77 190.77 190.62 190.82 190.92 190.89 191.02 191.22 191.13 191.26 191.42 191.42 191.57 191.63 191.54 191.84 191.98 191.91 192.03 192.21 192.08 192.21 192.11 192.11 192.09 192.1 192.02 192.16 192.25 192.13 192.16 192.14 191.93 191.92 191.91 191.91 191.91 191.89 192.1 191.88 191.88 191.9 191.9 191.8 191.73 191.55 191.68 191.61 191.38 191.26 191.52 191.28 191.34 191.44 191.44 191.52 191.61 191.42 191.72 191.74 191.57 191.56 191.85 191.61 191.59
-9999 190.21 190.2 190.18 190.05 190.4 190.41 190.27 190.38 190.62 190.54 190.59 190.79 190.79 190.91 191.06 190.99 191.23 191.36 191.3 191.35 191.54 191.46 191.64 191.85 191.85 191.95 192.02 191.8 192.01 192.01 191.88 192.02 192.02 191.85 191.87 192.13 191.93 191.92 191.8 191.8 191.75 191.81 191.58 191.74 191.73 191.51 191.61 191.66 191.47 191.42 191.41 191.41 191.35 191.27 191.06 191.14 191.08 190.86 190.93 191.19 191 191.09 191.2 191.2 191.27 191.26 191.26 191.36 191.4 191.06 191.3
-9999 189.98 189.87 189.84 190.05 189.97 190.04 190.18 190.18 190.29 190.45 190.32 190.49 190.71 190.67 190.75 190.99 190.9 191.07 191.3 191.22 191.31 191.43 191.43 191.58 191.68 191.62 191.79 191.8 191.72 191.8 191.88 191.77 191.73 191.71 191.71 191.74 191.84 191.61 191.78 191.58 191.41 191.44 191.58 191.4 191.44 191.41 191.41 191.42 191.36 191.06 191.23 191.2 191 190.96 191.06 190.86 190.74 190.86 190.7 190.67 190.78 190.78 190.9 190.96 190.82 191.05 191.13 190.94 190.87 191.06 190.89
-9999 189.62 189.72 189.72 189.76 189.87 189.71 189.92 190.07 189.93 190.25 190.32 190.21 190.42 190.67 190.53 190.63 190.82 190.82 190.89 191.07 191 191.21 191.33 191.3 191.4 191.62 191.45 191.61 191.67 191.67 191.62 191.63 191.44 191.55 191.53 191.39 191.47 191.61 191.42 191.41 191.25 191.25 191.24 191.27 191.27 191.18 191.12 190.9 191.17 191.06 190.92 190.83 191 190.82 190.7 190.63 190.63 190.54 190.48 190.27 190.47 190.57 190.49 190.54 190.82 190.63 190.66 190.65 190.65 190.6 190.61
-9999 189.46 189.45 189.34 189.42 189.57 189.49 189.57 189.74 189.74 189.85 190.03 189.91 190.09 190.29 190.19 190.39 190.54 190.52 190.59 190.74 190.74 190.93 191.11 190.97 191.19 191.27 191.13 191.25 191.4 191.26 191.39 191.53 191.44 191.25 191.18 191.39 191.26 191.26 191.31 191.31 191.19 191.03 190.9 190.98 191.02 190.84 190.74 190.9 190.66 190.73 190.7 190.7 190.66 190.64 190.34 190.52 190.36 190.24 190.06 190.27 190.04 190.1 190.21 190.21 190.28 190.38 190.14 190.44 190.48 190.18 190.41
-9999 189.04 189.14 189.11 189.11 189.33 189.39 189.29 189.49 189.64 189.59 189.69 189.91 189.95 190.02 190.12 190.12 190.29 190.42 190.37 190.55 190.69 190.59 190.8 190.97 190.89 190.97 191.13 191 191.06 191.17 191.17 191.18 191.19 191 191.1 191.03 190.8 190.87 191.03 190.86 190.85 190.72 190.72 190.62 190.66 190.4 190.61 190.59 190.33 190.3 190.52 190.26 190.28 190.25 190.25 190.11 190.09 190.09 190.01 189.9 189.71 189.92 189.92 189.98 189.81 190.09 190.14 189.84 189.96 190.18 189.93
-9999 189.02 188.85 188.99 189.11 189.04 189.1 189.29 189.21 189.38 189.59 189.58 189.62 189.79 189.79 189.94 190.18 190.07 190.26 190.37 190.35 190.51 190.59 190.53 190.76 190.88 190.88 190.86 190.91 190.8 191.01 190.97 190.91 190.84 191 190.9 190.71 190.67 190.67 190.68 190.7 190.42 190.65 190.55 190.34 190.46 190.4 190.25 190.21 190.33 190.11 190.05 190.07 190.07 190.07 189.99 189.88 189.98 189.95 189.76 189.67 189.71 189.53 189.49 189.5 189.5 189.6 189.66 189.46 189.64 189.71 189.47
-9999 188.76 188.85 188.79 188.85 189.04 188.92 189.14 189.13 189.13 189.32 189.41 189.38 189.62 189.82 189.71 189.93 190.07 190.07 190.12 190.29 190.29 190.41 190.45 190.4 190.6 190.68 190.59 190.69 190.8 190.67 190.74 190.79 190.79 190.7 190.65 190.65 190.54 190.54 190.33 190.48 190.42 190.26 190.3 190.34 190.15 190.11 190.06 190.06 189.97 189.9 189.7 189.84 189.77 189.54 189.56 189.88 189.6 189.63 189.59 189.59 189.45 189.39 189.15 189.34 189.3 189.14 189.22 189.46 189.17 189.23 189.47
-9999 188.38 188.57 188.46 188.65 188.75 188.75 188.84 189.01 188.97 189.03 189.3 189.3 189.31 189.57 189.54 189.71 189.82 189.81 190 190.12 190.25 190.14 190.3 190.4 190.32 190.39 190.59 190.48 190.55 190.54 190.54 190.58 190.59 190.38 190.52 190.55 190.36 190.17 190.33 190.16 190.13 190.11 190.11 190.13 189.99 189.78 189.94 189.82 189.64 189.55 189.7 189.47 189.48 189.47 189.47 189.41 189.52 189.52 189.44 189.41 189.24 189.24 189.15 189 188.89 189.14 188.94 188.99 189.02 189.02 189
-9999 188.16 188.2 188.46 188.38 188.56 188.67 188.67 188.8 188.99 188.99 189.03 189.18 189.18 189.28 189.54 189.53 189.66 189.81 189.75 189.86 190.04 190.04 190.03 190.19 190.06 190.21 190.32 190.11 190.19 190.42 190.23 190.24 190.26 190.26 190.29 190.19 190.07 190.09 190.06 189.86 189.79 190.01 189.81 189.85 189.97 189.8 189.6 189.51 189.51 189.41 189.36 189.26 189.26 189.32 189.32 189.1 189.33 189.31 189.15 189.1 189.24 189.05 188.88 188.73 188.73 188.79 188.74 188.58 188.8 188.84 188.69
-9999 188.16 188.09 188.2 188.32 188.32 188.5 188.61 188.57 188.8 188.88 188.85 189.02 189.18 189.16 189.26 189.42 189.42 189.65 189.66 189.69 189.78 189.97 189.84 189.88 190.06 189.96 189.97 190.02 190.02 190.06 190.15 189.92 190.1 190.07 189.93 190.1 190.07 189.91 189.85 189.86 189.7 189.61 189.65 189.65 189.71 189.6 189.38 189.38 189.27 189.15 189.02 189.21 189.06 188.97 189.01 189.01 189.03 188.97 188.75 188.91 188.98 188.77 188.62 188.69 188.55 188.43 188.33 188.33 188.41 188.45 188.45
