data/realblocks/ce3.asc
NCOLS 100
NROWS 100
XLLCORNER 1506552
YLLCORNER 5533496
CELLSIZE 5
NODATA_VALUE -9999
[rows 0 to 31 of 100, columns 0 to 71 of 100]
-9999 -9999 -9999 -9999 -9999 -9999 -9999 -9999 -9999 -9999 -9999 -9999 -9999 -9999 -9999 -9999 219.1 219.33 219.43 219.37 219.49 219.49 219.54 218.88 218.97 218.04 217.64 217.06 217.09 216.5 216.11 216.29 216.29 216.47 218.36 218.47 219.03 220.82 221.68 223.79 225.19 226.07 228.09 229.77 229.77 230.74 235.03 232.49 229.21 224.58 223.91 223.65 223.32 223.98 224.58 224.8 225.4 226.3 225.85 225.85 229.59 230.12 227.97 227.47 228.24 226.74 225.81 225.52 224.1 223.38 222.57 222.57
212.68 212.74 212.65 213.06 213.67 213.99 214.99 215.33 215.88 216.69 217.28 217.28 217.96 218.4 218.48 218.8 219.01 218.98 219.05 219.37 219.05 219.08 218.8 218.8 218.01 217.69 217.05 217.07 216.35 215.79 215.51 215.76 215.61 216.16 216.77 216.77 218.71 220.22 220.22 222.55 224.43 225.13 226.79 228.28 228.67 230.12 232.18 232.48 229.1 224.52 224.52 223.37 223.5 224.14 224.14 224.74 226.59 226.08 227.3 228.88 229.98 229.24 227.97 226.81 226.7 225.86 225.86 224.66 223.45 222.84 222.71 221.95
211.87 212.17 212.65 212.87 213.69 214.71 214.71 215.58 216.45 216.75 217 217.67 217.83 218.2 218.48 218.54 218.72 218.87 218.87 218.9 218.9 218.42 218.61 218.04 217.6 217.65 217.05 216.35 215.67 215.79 215.17 215.11 215.55 215.55 216.27 217.14 217.4 218.79 220.91 221.44 223.5 225.13 225.39 228.08 229.06 229.06 230.04 231.2 228.38 225.86 223.44 223.28 224.09 223.86 226.39 228.05 226.41 226.41 227.83 228.1 228.1 229.92 227.62 226.16 226.03 225.8 225.15 223.48 223.57 222.82 222.15 221.4
211.74 211.74 212.34 213.3 213.91 214.23 215.22 215.63 216.5 216.75 217.05 217.55 217.83 218.03 218.27 218.55 218.55 218.67 218.67 218.54 218.75 218.42 218.01 217.59 217.6 217.01 216.41 215.66 215.66 215.06 214.74 214.32 215 215.64 215.8 216.77 217.4 217.67 219 221.77 221.77 223.67 225.42 225.23 227.1 228.51 229.35 230.64 228.38 225.27 223.43 223.28 223.77 225.31 228.18 228.18 227.06 225.38 226.65 228.38 228.84 228.84 226.42 226.16 225.6 224.98 223.97 223.97 222.77 222.31 221.57 221.56
211.41 211.47 212.29 212.78 213.48 214.42 215.37 215.37 216.04 216.8 216.97 217.36 217.75 217.98 218.08 218.27 218.51 218.37 218.4 218.54 218.23 217.99 217.66 217.66 217.1 216.36 215.72 215.73 215 214.35 213.94 214.32 214.2 214.97 215.98 215.98 216.97 217.87 217.87 219.27 221.71 221.67 223.6 225.23 226.11 227.46 229.35 229.12 226.67 223.77 223.77 224.23 224.46 226.61 227.85 227.81 226.48 225.81 226.65 226.43 227.31 228.31 228.31 225.5 225.19 224.09 224.09 222.89 222.2 221.72 221.57 221
211.12 211.89 211.89 213.02 213.98 214.54 214.85 215.72 215.98 216.66 216.97 217.23 217.51 217.83 217.83 218.01 218.21 218.09 218.22 218.04 217.78 217.72 217.67 217.28 216.53 216.41 215.78 215.05 214.37 214.37 213.77 213.67 213.47 214.17 215.12 215.3 216.33 217.14 217.23 218.05 219.66 219.66 221.05 222.76 225.78 225.78 225.56 226.49 223.87 224.12 224.64 226.46 226.21 226.61 226.43 227.63 226.23 226.23 225.54 226.12 226.84 227.72 226.13 225.3 225.6 224.09 222.8 222.1 222.2 221.71 221.06 220.34
211.09 211.43 212.6 213.07 213.99 214.54 214.95 215.68 216.29 216.29 216.87 217.14 217.26 217.56 217.78 217.7 217.93 218.09 217.7 217.64 217.78 217.68 217.38 216.69 216.69 215.9 215.1 214.37 214.36 213.7 213.14 212.95 213.47 213.42 214.35 215.46 215.46 216.44 217.35 217.39 217.87 219.71 219.25 220.56 222.44 221.77 222.75 223.04 223.04 224.21 226.36 226.36 226.95 227.06 228.01 228.95 228.47 226.33 225.47 225.64 225.73 229.44 225.79 225.79 224.45 222.95 222.08 222.02 221.58 220.99 220.53 220.46
-9999 211.61 212.65 213.07 213.56 214.52 215.27 215.27 216 216.51 216.5 216.87 217.26 217.24 217.43 217.7 217.66 217.52 217.54 217.54 217.5 217.37 216.98 216.83 216.12 215.47 214.51 214.37 213.57 213.04 212.68 212.68 212.77 213.48 213.62 214.54 215.59 215.7 216.52 217.39 217.46 217.93 219.25 218.87 220.75 221.47 221.47 222.47 223.86 222.56 224.4 225.64 226.66 227.06 228.01 226.96 226.13 225.3 225.3 225.37 227.23 226.76 227.32 224.25 223.25 221.93 222.08 221.4 220.97 220.42 220.42 219.87
-9999 212.21 212.21 213.18 214.06 214.55 214.96 215.57 215.75 216.17 216.5 216.55 216.93 217.23 217.23 217.39 217.42 217.25 217.41 217.44 217.15 216.97 216.98 216.51 215.71 214.75 214.75 213.81 212.98 212.98 212.39 212.41 212.25 212.71 213.62 213.76 214.79 215.7 215.71 216.52 217.43 217.43 217.93 218.56 218.41 221.03 221.67 221.24 221.32 222.56 222.36 223.61 226.66 226.66 226.66 226.31 224.16 224.59 225.29 225.21 225.84 226.76 224.76 223.09 223.25 221.79 221.35 220.99 220.99 220.42 219.84 219.28
-9999 211.75 212.32 213.2 214.1 214.1 214.81 215.37 215.47 215.83 216.23 216.25 216.48 216.83 216.84 216.84 217.18 216.98 217.07 217 217 216.84 216.52 215.99 215.96 215.1 214.41 213.27 213.06 212.3 211.71 211.68 212.25 212.21 212.88 213.83 213.83 214.83 215.71 215.69 216.45 217.31 217.18 217.76 218.41 218.17 219.37 220.94 220.94 221.18 222.19 222.19 223.94 225.41 223.39 225.64 224.16 224.03 224.91 225.21 224.81 224.1 222.68 222.68 221.5 221.21 220.76 220.89 220.41 219.88 219.33 219.28
-9999 211.84 212.85 212.85 213.68 214.45 214.8 215 215.47 215.55 215.81 216.25 216.14 216.47 216.62 216.62 216.65 216.81 216.49 216.79 216.71 216.33 216.01 215.99 215.44 214.6 213.59 213.59 212.48 211.61 211 211.21 211.52 211.44 212.31 213 213.11 213.97 214.86 214.86 215.61 216.28 216.28 217.02 217.69 217.53 218.05 218.6 218.35 219.96 220.97 220.52 221.03 221.6 221.6 222.48 223.48 222.05 223.66 223.66 222.66 222.03 222.86 221.37 220.76 220.54 220.76 220.25 219.83 219.35 219.35 218.69
-9999 211.83 212.42 213.32 213.83 214.41 214.8 214.95 215.3 215.64 215.64 215.81 216.07 215.9 216.26 216.31 216.12 216.15 216.49 216.25 216.12 216.02 216.02 215.43 214.74 213.98 213.91 212.78 211.9 211.74 211 210.48 210.68 211.44 211.43 212.41 213.19 213.19 214 214.82 214.77 215.54 216.19 216.08 216.69 217.53 217.3 217.77 217.92 217.92 219.35 220.31 219.79 220.63 221.61 220.72 221.21 222.05 221.36 221.36 221.18 221.18 220.69 220.36 220.36 220.38 220.09 219.58 219.8 219.31 218.8 218.09
-9999 211.83 212.34 213.36 214.09 214.09 214.71 215.07 215.18 215.35 215.53 215.49 215.5 215.9 215.48 215.67 216.12 215.75 215.84 215.9 215.9 215.76 215.45 214.84 214.82 213.98 213.17 212.16 211.9 211.1 210.31 210.14 210.14 210.57 211.48 211.57 212.38 213.21 213.14 213.87 214.77 214.65 215.29 215.89 215.89 216.51 217.07 216.84 217.58 217.64 217.49 217.79 219.79 218.44 219.42 220.72 219.9 220.27 220.42 220.42 220.45 220.36 219.5 220.14 219.99 219.6 219.37 219.58 219.06 218.65 218.17 218.17
-9999 211.78 212.24 213.14 213.7 213.99 214.6 214.89 214.99 215.14 215.15 215.15 215.13 215.11 214.89 215.25 215.29 214.95 215.1 215.52 215.57 215.07 214.75 214.84 214.12 213.29 212.33 212.33 211.29 210.21 209.54 209.75 209.87 209.75 210.63 211.57 211.6 212.41 213.05 213.05 213.8 214.55 214.55 215.15 215.73 215.48 216.31 216.84 216.53 216.95 217.49 217.35 217.42 217.86 217.86 218.47 219.29 218.17 219.91 219.98 218.49 219.05 219.5 219.2 219.1 219.06 219.06 218.81 218.41 217.74 217.93 217.44
-9999 211.59 212.24 212.47 213.42 214.26 214.26 214.79 214.98 214.85 215.04 214.94 214.61 214.51 214.89 214.49 214.49 214.52 214.52 214.69 214.69 214.18 214.64 214.13 213.45 212.58 212.47 211.56 210.5 210.36 209.61 209.01 209.03 209.03 209.72 210.66 210.63 211.62 212.35 212.28 212.89 213.72 213.55 214.2 214.73 214.73 215.27 215.8 215.51 216.2 216.63 217.08 216.67 217.3 217.33 217.23 217.28 218.17 217.55 218.12 218.38 218.38 218.61 218.63 218.15 218.61 218.45 217.86 218.26 217.74 217.1 216.66
-9999 210.94 211.85 212.8 213.12 213.77 214.35 214.41 214.63 214.85 214.72 214.49 214.28 214.28 214.16 214.08 214.08 214.03 214.15 213.78 214.28 214.18 213.68 213.37 213.45 212.67 211.68 210.64 210.64 209.62 208.89 208.34 208.59 208.96 208.93 209.82 210.63 210.68 211.6 212.2 212.2 212.78 213.41 213.19 214 214.51 214.23 214.67 215.51 215.15 215.51 215.99 215.99 216.34 216.66 216.66 216.87 217.11 216.77 217.36 217.79 217.38 217.47 218.08 217.64 217.57 217.43 217.43 217.17 216.82 216.2 216.38
-9999 211.16 211.46 212.42 213.12 213.21 213.74 214.41 214.27 214.39 214.25 214.25 214.11 213.87 213.47 213.68 213.66 213.27 213.22 213.78 213.34 213.25 213.09 213.09 212.66 211.79 210.94 210.78 209.7 208.81 208.15 208.34 207.87 208.29 208.99 208.99 209.8 210.67 210.56 211.43 212.04 211.9 212.61 213.19 212.93 213.49 214.23 213.87 214.34 214.75 214.75 215.23 215.43 215.03 215.8 216.24 215.64 216.02 216.77 216.28 216.61 216.96 216.96 217.12 217.05 216.46 216.96 216.82 216.1 215.85 216.2 215.37
-9999 210.76 210.76 211.68 212.52 212.4 213.11 213.63 213.4 213.16 213.5 213.81 213.09 213.43 213.47 213.05 212.85 212.72 212.72 212.8 212.71 212.19 212.63 212.42 211.58 210.96 210.94 209.92 208.83 208.81 208 207.54 207.61 207.61 208.23 208.99 208.97 209.75 210.56 210.48 211.21 211.9 211.77 212.23 212.7 212.7 213.16 213.58 213.15 213.96 214.34 213.9 214.3 215.03 214.59 214.86 215.14 215.14 215.45 215.81 215.37 216.14 216.36 215.84 216.01 216.46 215.86 215.66 216.1 215.42 215.19 214.7
-9999 210.14 210.97 211.06 211.63 212.4 212.2 212.65 212.9 212.9 211.61 210.97 210.02 212.29 213.04 212.48 212.15 212.31 211.79 211.72 212.25 211.65 211.49 211.22 211.22 210.75 209.96 208.94 208.92 207.97 207.16 206.69 207.08 206.84 207.38 208.11 208.11 208.85 209.66 209.51 210.34 211 211.51 211.29 212.01 212.39 212.06 212.47 213.15 212.73 213.08 213.4 213.4 213.71 214.09 214.09 214.36 214.67 214.29 215.11 215.37 214.92 215.18 215.84 215.3 215.29 215.16 215.16 214.96 214.75 214.06 214.43
-9999 209.68 210.37 210.94 210.94 211.47 211.87 211.87 212.08 211.64 210.84 210.66 210.02 209.25 210.71 212.48 212.08 211.59 211.24 211.24 211.18 211.02 210.4 210.81 210.43 209.54 208.82 208.94 207.92 207.02 206.43 206.43 206.29 206.69 206.55 207.27 208.06 207.98 208.64 209.51 209.31 209.95 210.88 210.57 211 211.43 211.43 211.73 212.04 211.61 212.31 212.62 212.18 212.46 213.25 212.72 213.01 213.37 213.37 213.73 214.14 213.91 214.46 214.62 214.05 214.17 214.63 213.96 213.8 213.71 213.71 213.49
-9999 209.65 209.65 210.25 210.73 210.46 211.21 211.5 211.04 211 210.84 209.81 209.17 208.79 208.79 209.93 211.46 210.67 211.08 210.7 210.18 209.93 210.4 209.58 209.18 208.57 208.57 207.8 207.05 206.11 206.22 205.9 205.49 205.97 206.55 206.42 207.21 207.98 207.88 208.48 209.1 209.1 209.68 210.41 210.11 210.76 211.08 210.62 210.97 211.61 211.14 211.42 211.71 211.71 211.99 212.23 211.76 212.54 212.89 212.54 212.93 213.91 213.31 213.38 213.5 213.5 213.46 213.4 213.4 213.17 213.03 212.45
-9999 208.88 209.6 209.26 209.7 210.46 210.13 210.57 210.6 210.6 209.78 209.33 208.86 208.73 208.31 208.1 208.98 210.67 209.93 209.93 210.18 209.57 209.26 208.87 208.87 208.3 207.54 206.68 206.82 206.11 205.35 205.07 205.49 205.16 205.68 206.4 206.4 207.12 207.7 207.5 208.35 208.92 208.63 209.23 210.11 209.76 209.99 210.16 210.16 210.37 210.67 210.16 210.93 211.22 210.81 211.49 211.76 211.34 211.76 212.54 212.21 212.55 212.83 212.83 212.89 212.91 212.32 212.88 212.75 212.18 212.09 212.45
-9999 207.85 208.44 208.2 208.95 209.37 209.16 209.99 209.84 209.33 209.23 209.23 208.92 208.45 207.79 207.79 208.23 208.37 207.88 209.09 209.58 208.7 208.1 208.47 207.69 207.09 206.35 206.35 205.67 205.1 204.72 204.72 204.63 205.01 204.84 205.56 206.25 206.11 206.75 207.5 207.27 207.75 208.4 208.4 208.96 209.31 209.31 209.58 209.68 209.13 209.91 210.16 209.69 209.92 210.81 210.34 210.53 210.97 210.97 211.5 211.7 211.33 212.03 212.25 211.83 211.8 212.32 211.82 211.78 211.63 211.63 211.54
-9999 206.8 207.62 208.2 207.83 208.37 209.16 208.48 208.84 208.93 208.93 208.77 208.41 207.91 208.01 207.52 207.23 206.93 207.88 206.92 207.7 207.8 207.8 207.32 206.77 205.93 206.16 205.51 204.63 204.14 204.39 203.94 203.85 204.31 204.14 204.73 205.31 205.31 205.87 206.47 206.18 207.02 207.53 207.29 207.75 208.56 208.12 208.42 208.46 208.46 208.65 208.93 208.48 209.27 209.52 209 209.34 210.16 209.86 210.28 210.64 211.33 210.92 211.18 211.21 211.21 211.23 211.27 211.27 211.18 211.11 210.53
-9999 206.8 206.54 206.95 207.26 207.26 207.74 208.07 207.59 208.24 208.25 207.6 207.58 207.91 207.38 207.06 206.77 206.77 206.65 206.57 206.57 206.86 206.96 206.2 206.46 205.93 205.19 204.48 204.63 203.92 203.49 203.5 203.5 203.62 204.01 203.82 204.52 205.1 204.85 205.39 206.18 205.96 206.44 207 207 207.42 207.75 207.17 207.87 207.92 207.5 207.77 208.48 208.01 208.26 208.52 208.52 208.97 209.52 209.52 209.93 210.32 209.86 210.45 210.62 210.07 210.15 210.65 210.14 210.14 210.01 210.01
-9999 205.69 206.16 205.69 206.49 206.85 206.47 206.86 207.59 206.93 206.94 207.6 206.89 206.86 206.78 206.78 206.41 206.32 205.64 206.11 206.06 205.45 205.63 206.2 205.36 204.91 204.28 204.28 203.63 203.22 202.67 202.96 203.09 202.81 203.11 203.82 203.59 204.1 204.61 204.61 205.13 205.64 205.38 206.17 206.56 206.2 206.92 207.17 206.62 206.75 207.5 206.94 207.21 207.52 207.52 207.77 208.15 207.8 208.64 209.16 208.79 209.1 209.86 209.32 209.48 209.53 209.53 209.58 209.54 208.95 209.52 209.38
-9999 204.62 205.4 205.03 205.35 205.68 205.68 205.99 206.24 205.64 206.26 206.22 205.53 205.38 206.1 205.26 205.13 204.96 205.64 204.81 204.76 204.84 204.84 204.73 204.54 203.71 204.08 203.51 202.79 202.35 202.67 202.16 202.24 202.81 202.57 202.89 203.33 203.33 203.84 204.33 204.12 204.85 205.38 205.03 205.45 206.2 205.79 205.92 206.07 206.07 206.3 206.46 206.11 206.77 207.04 206.58 206.97 207.8 207.48 207.99 208.3 208.3 208.59 208.8 208.27 209.01 208.97 208.4 208.41 208.95 208.3 208.2
-9999 203.79 204.18 204.55 204.1 204.88 205.2 204.65 204.83 205.64 204.96 204.91 204.86 204.86 204.63 204.44 203.65 204.27 204.28 203.45 203.31 204.04 203.27 203.26 203.89 203.13 202.83 202.4 202.4 202.15 201.77 201.43 201.76 201.93 201.75 202.15 202.67 202.51 202.94 203.37 203.37 203.9 204.31 203.96 204.63 204.96 204.49 204.68 205.37 205.55 205.06 205.4 206.11 205.65 205.78 206.2 206.2 206.62 207.03 207.03 207.57 207.85 207.39 208.07 208.27 207.67 207.75 208.4 207.81 207.8 207.67 207.67
-9999 203.23 203.07 203.42 204.1 203.68 203.92 204.08 204.08 204.24 204.37 204.37 204.29 204.28 203.58 203.93 203.65 202.9 202.81 203.45 202.69 202.56 202.57 202.57 202.5 202.32 201.73 202.05 201.8 201.28 201.22 201.43 201.03 201.16 201.49 201.49 201.91 202.3 202.17 202.73 203.24 203.01 203.33 203.96 203.55 203.85 204.49 204.01 204.18 204.45 204.45 204.6 204.85 204.31 205.07 205.35 205.05 205.53 206.26 205.9 206.23 206.5 206.5 206.83 206.96 206.35 207.02 207.19 206.52 206.51 207.19 206.42
-9999 202.34 203.07 202.7 203 203.24 203.24 203.38 203.53 203.05 203.64 203.73 203.09 202.97 203.58 202.72 202.43 202.22 202.22 202.05 202.02 201.46 201.9 201.91 201.28 201.19 201.73 201.17 200.98 200.83 200.83 200.81 200.69 200.37 200.93 201.3 201.08 201.69 202.17 201.8 202.24 203.01 202.62 202.92 203.15 203.15 203.4 203.58 203.17 203.78 203.99 203.54 203.72 204.31 203.91 204.26 204.64 204.64 205.09 205.39 204.89 205.73 206.02 205.41 205.63 206.35 205.75 205.82 205.92 205.92 205.83 205.75
-9999 201.67 201.99 201.53 201.8 202.49 202.69 202.21 202.34 203.05 202.43 202.41 202.43 202.43 202.33 202.1 201.28 201.72 201.49 200.87 200.87 201.46 200.91 200.74 201.28 200.79 200.64 200.56 200.56 200.5 200.48 200.16 200.45 200.37 200.14 200.46 201.08 200.88 201.3 201.61 201.61 201.95 202.23 201.81 202.5 202.73 202.27 202.51 203.17 202.71 202.87 203.08 203.08 203.35 203.62 203.33 203.95 204.31 203.93 204.63 204.89 204.41 204.59 205.41 204.79 205.02 205.07 205.07 205.14 205.19 204.47 205.15
-9999 200.66 200.83 201.08 201.08 201.35 201.57 201.08 201.71 201.81 201.26 201.89 201.82 201.26 201.16 201.65 200.99 200.6 200.39 200.39 200.29 200.39 199.86 200.38 200.18 199.72 199.79 200.2 199.79 199.96 199.83 199.83 199.84 199.82 199.51 199.93 200.28 200.64 200.37 201.07 201.24 200.94 201.2 201.81 201.44 201.68 202.27 201.78 202.06 202.24 202.24 202.42 202.73 202.29 203.01 203.33 202.93 203.31 203.93 203.52 203.73 203.92 203.92 204.07 204.2 203.73 204.32 204.43 203.76 203.75 204.47 203.83
