data/realblocks/ce5.asc
NCOLS 100
NROWS 100
XLLCORNER 1506552
YLLCORNER 5533496
CELLSIZE 5
NODATA_VALUE -9999
[rows 32 to 63 of 100, columns 0 to 71 of 100]
-9999 219.28 219.55 219.66 219.85 220 220.13 220.27 220.43 220.59 220.8 221.12 221.22 221.45 221.68 221.79 222 222.02 222.22 222.27 222.33 222.43 222.47 222.31 222.31 222.38 222.33 222.16 222.16 222.13 221.85 221.85 221.75 221.73 221.52 221.52 221.59 221.67 221.66 221.86 222.1 222.36 222.43 222.66 222.95 223.16 223.28 223.4 223.44 223.48 223.18 223.09 222.9 222.9 222.42 222.09 221.69 221.24 220.22 219.6 219.1 218.21 217.92 217.71 217.74 217.91 218.44 218.98 219.61 220.26 220.8 221.37
-9999 219.25 219.46 219.66 219.8 219.92 220.09 220.24 220.43 220.63 220.93 221.05 221.24 221.42 221.64 221.75 221.75 221.9 222.03 222.04 222.11 222.24 222.34 222.21 222.23 222.24 222.19 222.06 222.05 222 221.85 221.59 221.55 221.51 221.24 221.33 221.37 221.55 221.53 221.73 221.98 222.21 222.32 222.6 222.84 223.07 223 223.14 223.24 223.26 223.03 222.98 222.83 222.63 222.09 221.72 221.32 220.76 219.68 219.08 218.62 218.21 217.43 217.33 217.56 217.86 218.42 219.03 219.61 220.27 220.86 221.42
-9999 219.28 219.39 219.64 219.73 219.87 220.02 220.24 220.41 220.41 220.67 220.86 221.02 221.24 221.42 221.56 221.65 221.86 221.96 221.96 222.08 222.14 222.21 222.1 222.07 222.06 222.08 221.93 221.9 221.82 221.6 221.38 221.3 221.3 221.24 221.09 221.22 221.35 221.18 221.36 221.62 221.82 221.94 222.22 222.54 222.79 222.87 223.01 223.08 223.07 222.78 222.75 222.6 222.37 221.68 221.32 220.86 220.22 219.11 218.55 218.11 217.71 216.96 217.04 217.32 217.86 218.36 218.36 219.04 219.68 220.26 220.89
-9999 219.12 219.28 219.45 219.52 219.71 219.83 220.04 220.21 220.47 220.63 220.86 221 221.24 221.39 221.44 221.6 221.78 221.89 221.86 221.96 222 222.09 221.96 221.97 221.98 221.96 221.74 221.68 221.54 221.54 221.2 221.2 221.15 221.08 220.9 220.95 221.01 221.18 221.19 221.43 221.65 221.79 222.14 222.38 222.69 222.74 222.79 222.85 222.89 222.61 222.5 222.31 222.04 221.3 220.85 220.28 219.68 218.52 218.02 218.02 217.57 216.7 216.59 216.76 217.25 217.68 218.33 219.03 219.68 220.32 220.89
-9999 219 219.2 219.34 219.51 219.6 219.8 220.03 220.24 220.48 220.59 220.68 220.96 221.15 221.3 221.44 221.6 221.65 221.75 221.8 221.9 221.93 221.95 221.84 221.8 221.83 221.79 221.6 221.51 221.41 221.38 221.1 220.9 220.87 220.89 220.71 220.72 220.81 221.03 221.04 221.25 221.53 221.79 222.07 222.29 222.58 222.52 222.57 222.65 222.72 222.29 222.2 222.2 221.96 221.28 220.89 220.37 219.74 218.53 217.96 217.45 217 216.13 216.2 216.6 217.12 217.56 218.28 218.99 219.7 220.34 220.93
-9999 219 219.19 219.29 219.47 219.59 219.82 220.03 220.17 220.4 220.6 220.79 220.88 221.02 221.19 221.19 221.33 221.45 221.58 221.65 221.69 221.71 221.83 221.7 221.76 221.72 221.73 221.46 221.35 221.2 221.12 220.88 220.78 220.66 220.65 220.48 220.48 220.66 220.79 220.86 221.09 221.46 221.76 221.98 222.25 222.25 222.42 222.36 222.43 222.45 222.15 222.04 221.84 221.61 220.86 220.41 219.8 219.16 217.91 217.36 216.84 216.42 215.68 216.01 216.44 216.96 217.53 218.26 219.02 219.7 220.23 220.88
-9999 219.02 219.1 219.26 219.33 219.62 219.84 220.04 219.97 220.13 220.34 220.53 220.67 220.78 220.96 221.13 221.18 221.36 221.46 221.51 221.58 221.59 221.68 221.7 221.65 221.58 221.59 221.26 221.15 221.05 220.91 220.68 220.54 220.48 220.4 220.16 220.24 220.24 220.44 220.46 220.71 221 221.36 221.53 221.82 222.08 222.23 222.13 222.2 222.2 222.15 221.71 221.5 221.24 220.42 219.83 219.2 218.57 217.31 216.71 216.23 215.81 215.34 215.8 216.28 216.85 216.78 217.53 218.26 219.02 219.6 220.23
-9999 218.78 218.93 219.06 219.21 219.46 219.62 219.8 219.91 220.07 220.26 220.46 220.47 220.62 220.82 221.04 221.05 221.21 221.38 221.42 221.4 221.49 221.62 221.6 221.52 221.37 221.3 221.26 220.89 220.89 220.83 220.51 220.39 220.26 220.19 219.91 219.88 220.04 220.22 220.19 220.56 220.86 221.24 221.45 221.71 221.93 222.04 221.91 221.97 221.94 221.87 221.38 221.14 220.85 220.42 219.3 218.65 217.98 216.64 216.64 216.07 215.6 214.79 215.1 215.52 216.07 216.72 217.47 218.24 218.93 219.55 220.05
-9999 218.71 218.87 219.02 219.26 219.42 219.54 219.69 219.84 220.04 220.19 220.35 220.33 220.54 220.74 220.89 220.96 221.11 221.2 221.32 221.29 221.42 221.42 221.46 221.36 221.32 221.2 221.12 220.86 220.72 220.58 220.51 220.17 220.05 219.89 219.64 219.62 219.84 220.01 220.07 220.43 220.73 221.08 221.28 221.54 221.66 221.83 221.69 221.71 221.68 221.54 221.2 221.01 220.76 220.37 219.25 218.62 217.97 217.29 215.97 215.42 214.94 214.51 214.84 215.31 215.97 216.66 217.4 218.18 218.91 219.37 219.95
-9999 218.61 218.77 219.03 219.26 219.4 219.56 219.64 219.8 219.98 220.11 220.24 220.15 220.4 220.4 220.63 220.58 220.8 220.95 221.05 221.08 221.18 221.21 221.36 221.16 221.14 221.04 220.99 220.6 220.5 220.37 220.22 219.93 219.73 219.66 219.64 219.44 219.54 219.8 219.93 220.24 220.59 220.98 221.09 221.09 221.27 221.44 221.35 221.41 221.37 221.34 220.81 220.64 220.31 219.83 218.6 217.98 217.31 216.62 215.31 214.81 214.46 214.51 214.67 215.2 215.88 216.56 217.32 218.08 218.76 219.23 219.73
-9999 218.52 218.8 219 219.23 219.36 219.48 219.48 219.62 219.72 219.85 219.99 219.93 220.1 220.3 220.48 220.52 220.66 220.76 220.95 220.96 221.09 221.15 221.21 220.96 220.87 220.88 220.76 220.41 220.26 220.17 220.04 219.57 219.48 219.33 219.34 219.08 219.12 219.3 219.58 219.7 220.06 220.49 220.56 220.79 221.03 221.23 221.09 221.12 221.11 220.99 220.48 220.2 219.78 219.23 217.98 217.3 216.61 215.93 214.66 214.24 213.99 214.24 214.45 215.08 215.08 215.79 216.41 217.18 217.92 218.44 218.99
-9999 218.23 218.49 218.77 218.97 219.06 219.27 219.46 219.55 219.63 219.68 219.8 219.93 220.01 220.17 220.38 220.31 220.45 220.6 220.83 220.8 220.92 221 220.98 220.75 220.7 220.69 220.52 220.34 220.17 220.03 219.96 219.54 219.35 219.14 219.07 218.79 218.87 219.07 219.41 219.49 219.88 220.35 220.56 220.57 220.83 220.97 220.75 220.76 220.7 220.59 220.13 219.67 219.21 218.62 217.33 216.57 215.88 215.88 214.61 214.07 213.67 213.65 213.73 214.28 214.96 215.68 216.26 217.04 217.79 218.44 218.75
-9999 218.14 218.48 218.71 218.92 219.03 219.22 219.37 219.51 219.41 219.49 219.62 219.79 219.9 220.01 220.2 220.31 220.3 220.46 220.66 220.64 220.64 220.75 220.77 220.54 220.58 220.59 220.42 220.05 219.96 219.84 219.69 219.22 219.06 218.84 218.75 218.48 218.63 218.81 219.16 219.35 219.72 220.03 220.3 220.3 220.52 220.65 220.75 220.37 220.35 220.35 219.84 219.59 219.17 218.64 217.43 216.73 215.96 215.23 214.01 213.53 213.18 213.33 213.55 214.11 214.78 215.54 216.15 216.89 217.59 218.2 218.45
-9999 218.06 218.31 218.58 218.84 218.92 219.1 219.22 219.36 219.21 219.34 219.52 219.72 219.54 219.69 219.82 219.99 220.03 220.19 220.38 220.51 220.44 220.53 220.53 220.4 220.36 220.31 220.2 219.82 219.71 219.55 219.34 218.91 218.68 218.58 218.43 218.17 218.35 218.57 218.93 219.1 219.39 219.74 219.74 219.76 220.01 220.18 220.32 220.04 220.02 219.99 219.84 219.04 218.62 218.09 216.78 216 215.23 214.56 213.37 212.97 212.72 213.02 213.29 213.93 214.61 215.32 215.91 216.67 217.34 217.92 218.04
-9999 217.88 218.2 218.5 218.75 218.82 218.82 218.96 219.06 219 219.08 219.21 219.43 219.4 219.53 219.64 219.85 219.84 220.02 220.24 220.35 220.29 220.29 220.38 220.4 220.12 220.06 219.97 219.59 219.44 219.23 219.07 218.6 218.38 218.19 218.19 217.83 217.82 218.07 218.37 218.46 218.74 219.08 219.41 219.4 219.61 219.85 219.99 219.66 219.68 219.59 219.39 218.51 218.03 217.46 216.78 215.2 214.49 213.87 212.79 212.44 212.37 212.76 213.07 213.07 213.74 214.39 214.94 215.69 216.41 217 217.2
-9999 217.44 217.7 218.14 218.39 218.53 218.65 218.8 218.86 218.78 218.96 219.05 219.25 219.24 219.27 219.49 219.73 219.75 219.89 220.04 220.18 220.01 220.12 220.15 220.18 219.99 219.79 219.79 219.7 219.3 219.15 218.96 218.51 218.3 218.04 217.89 217.46 217.57 217.8 218.11 218.07 218.4 218.7 219.07 218.96 219.24 219.45 219.58 219.29 219.26 219.09 218.86 218 217.46 216.84 216.02 214.53 214.53 213.84 213.24 212.23 211.91 212.03 212.28 212.87 213.44 214.11 214.64 215.4 216.08 216.64 216.79
-9999 217.26 217.57 217.94 218.28 218.53 218.49 218.6 218.67 218.63 218.83 218.99 219.11 219.01 219.04 219.4 219.53 219.62 219.73 219.88 219.88 219.77 219.84 219.94 219.96 219.65 219.67 219.55 219.44 218.99 218.9 218.71 218.51 217.92 217.76 217.52 217.14 217.27 217.53 217.77 217.71 218 218.36 218.68 218.61 218.95 219.03 219.22 218.9 218.9 218.81 218.62 217.87 217.44 216.82 216.08 214.55 213.87 213.17 212.66 211.68 211.39 211.82 212.28 212.55 213.1 213.85 214.33 215.04 215.71 216.24 216.37
-9999 217.07 217.37 217.82 218.15 218.38 218.26 218.38 218.5 218.63 218.69 218.76 218.76 218.68 218.83 219 219.15 219.13 219.43 219.6 219.66 219.55 219.63 219.69 219.64 219.45 219.36 219.3 219.13 218.7 218.55 218.39 218.18 217.61 217.42 217.23 217.14 216.98 217.14 217.47 217.32 217.32 217.57 217.93 217.93 218.22 218.48 218.66 218.42 218.47 218.39 218.19 217.29 216.8 216.13 215.34 213.91 213.14 212.54 212.09 211.06 211.19 211.58 212.04 212.22 212.8 213.57 214.33 214.64 215.31 215.84 215.44
-9999 216.79 217.14 217.65 217.97 217.97 217.87 218.06 218.2 218.26 218.35 218.44 218.56 218.68 218.65 218.83 218.98 219 219.21 219.34 219.45 219.33 219.41 219.44 219.48 219.15 219.08 218.96 218.84 218.45 218.23 218.09 217.87 217.29 217.29 217.08 216.94 216.51 216.62 216.78 217.01 216.83 217.17 217.55 217.47 217.81 218.1 218.33 218.03 218.05 218.01 217.7 216.67 216.15 215.44 214.64 213.2 212.53 211.98 211.54 210.68 210.93 211.32 211.32 211.4 211.93 212.56 213.25 213.53 214.23 214.86 214.97
-9999 215.82 216.32 216.89 217.36 217.72 217.62 217.83 217.92 218.19 218.15 218.26 218.31 218.51 218.51 218.65 218.88 219 219.02 219.14 219.31 219.08 219.16 219.17 219.23 218.84 218.84 218.74 218.65 218.27 218.12 217.93 217.81 217.15 216.95 216.79 216.6 216.13 216.23 216.36 216.58 216.46 216.77 217.11 217.47 217.41 217.71 217.86 217.59 217.52 217.42 217.09 216.07 215.49 214.8 214.02 213.29 212.55 211.89 211.41 210.48 210.4 210.66 210.98 211.07 211.6 212.23 212.89 213.13 213.78 214.38 214.97
-9999 215.55 215.95 216.62 217.09 217.43 217.35 217.54 217.78 217.97 217.86 218.04 218.16 218.28 218.37 218.52 218.65 218.82 218.79 218.79 218.92 219.04 218.84 218.89 218.9 218.56 218.5 218.43 218.38 218.02 217.86 217.65 217.38 216.83 216.65 216.47 216.27 215.73 215.79 215.94 216.16 216 216.34 216.68 217.08 217.03 217.24 217.43 217.43 217.13 217.08 216.86 216.01 215.45 214.82 214.09 212.61 211.91 211.32 210.83 210.07 210.14 210.4 210.63 210.81 211.35 211.89 212.5 212.76 213.37 214.01 214.57
-9999 215.28 215.6 216.26 216.73 217.09 216.99 217.31 217.51 217.72 217.59 217.59 217.78 217.98 217.96 218.11 218.28 218.5 218.48 218.55 218.66 218.78 218.59 218.58 218.65 218.56 218.2 218.17 218.13 217.67 217.49 217.3 217.1 216.58 216.34 216.12 215.91 215.32 215.34 215.45 215.45 215.21 215.56 215.86 216.21 216.2 216.57 216.85 217.04 216.6 216.51 216.3 216.01 214.88 214.2 213.41 212.01 211.35 210.77 210.33 209.59 209.81 210.02 210.34 210.5 211.02 211.6 212.15 212.44 213.11 213.11 213.84
-9999 214.98 215.32 215.89 215.89 216.35 216.34 216.66 216.98 217.21 217.12 217.35 217.55 217.78 217.74 217.94 218.16 218.32 218.28 218.35 218.44 218.53 218.33 218.31 218.34 218.25 217.92 217.85 217.73 217.67 217.13 216.97 216.74 216.46 216.26 216.04 215.79 215.06 214.87 214.84 214.94 214.74 215.09 215.39 215.87 215.78 216.13 216.36 216.57 216.1 216.03 215.8 215.41 214.31 213.6 212.76 212.01 210.72 210.21 209.91 209.3 209.43 209.43 209.69 209.87 210.25 210.69 211.23 211.67 212.36 213.17 213.88
-9999 213.97 214.6 214.92 215.5 215.97 215.89 216.33 216.63 216.92 216.79 217.09 217.34 217.55 217.52 217.72 218.02 218.16 218.03 218.1 218.18 218.29 218.03 218.07 218.01 218.01 217.6 217.61 217.5 217.38 216.93 216.8 216.64 216.46 215.96 215.69 215.37 214.68 214.47 214.37 214.5 214.27 214.63 214.99 215.4 215.35 215.67 215.89 216.05 215.64 215.51 215.3 214.9 213.75 212.99 212.99 212.16 210.82 210.23 209.81 209.5 208.93 209.07 209.42 209.53 209.95 210.42 210.97 211.86 212.68 213.38 214.01
-9999 213.59 214.29 214.52 215.05 215.55 215.89 215.97 216.32 216.55 216.56 216.9 217.09 217.29 217.32 217.56 217.8 217.92 217.65 217.78 217.91 217.95 217.72 217.72 217.73 217.61 217.25 217.24 217.22 217.06 216.57 216.43 216.26 216.14 215.62 215.43 215.01 214.68 213.94 213.86 214.02 213.81 214.1 214.51 214.9 214.84 215.19 215.19 215.41 215.1 215.18 215.11 214.82 213.81 213.17 212.39 211.57 210.32 209.69 209.42 209.04 208.52 208.74 209.17 209.53 209.78 210.34 211.06 212.12 212.88 213.58 214.2
-9999 213.19 213.88 214.06 214.62 215.06 215.5 215.57 215.9 216.24 216.24 216.31 216.63 216.81 216.93 217.22 217.4 217.57 217.4 217.52 217.68 217.65 217.41 217.39 217.4 217.3 216.97 216.87 216.84 216.71 216.23 216.14 215.95 215.83 215.35 214.99 214.61 214.22 213.51 213.51 213.47 213.58 213.29 213.55 214.04 213.92 214.31 214.71 214.93 214.67 214.79 214.58 214.26 213.25 212.59 211.82 211.01 209.78 209.35 208.98 208.61 208.18 208.56 208.94 209.33 209.88 210.65 211.41 212.12 212.32 212.98 213.66
-9999 212.81 212.81 213.03 213.62 214.18 214.71 214.64 215.12 215.54 215.95 216.01 216.24 216.62 216.93 216.91 217.1 217.26 217.16 217.27 217.37 217.4 217.1 217.12 217.05 216.96 216.63 216.57 216.5 216.37 215.9 215.77 215.77 215.74 215.26 215.04 214.64 214.26 213.39 213.11 213.01 213.09 212.85 213.1 213.52 213.92 213.81 214.19 214.43 214.21 214.21 214.12 213.8 212.66 212.01 211.25 210.48 209.25 208.79 208.45 208.19 207.79 207.94 208.34 208.79 209.33 210.05 210.81 211.59 212.35 213.03 213.67
-9999 211.73 212.35 212.55 213.18 213.75 214.27 214.26 214.75 215.22 215.65 215.67 216 216.39 216.72 216.57 216.8 217.01 217.16 216.96 217.04 217.06 216.84 216.85 216.85 216.74 216.38 216.35 216.29 216.11 215.73 215.62 215.5 215.43 214.9 214.58 214.2 213.81 212.95 212.62 212.49 212.63 212.3 212.59 213.05 213.44 213.28 213.65 213.94 213.69 213.68 213.54 213.21 212.06 212.06 211.41 210.66 209.3 208.77 208.34 207.96 207.46 207.85 208.29 208.76 209.37 210.14 210.87 211.61 212.28 213.03 213.68
-9999 211.32 211.95 212.13 212.71 213.31 213.77 213.94 214.4 214.89 215.31 215.34 215.71 216.12 216.37 216.27 216.57 216.57 216.76 216.62 216.7 216.81 216.78 216.57 216.52 216.42 216.12 216.05 215.88 215.77 215.42 215.33 215.22 215.1 214.52 214.19 213.78 213.39 212.52 212.12 212.02 212.15 211.83 212.15 212.46 212.89 212.42 212.83 213.18 213.45 213.17 213.19 213.03 212.03 211.48 210.79 210 208.76 208.22 207.78 207.35 207.3 207.71 208.17 208.73 209.34 210.07 210.8 211.56 212.24 212.9 213.52
-9999 210.9 211.46 211.69 212.29 212.86 213.4 213.62 214.05 214.05 214.54 214.65 215.07 215.49 215.81 215.77 216.03 216.28 216.46 216.34 216.48 216.45 216.52 216.33 216.27 216.16 216.12 215.78 215.65 215.5 215.17 215.03 214.92 214.76 214.11 213.78 213.36 213.01 212.55 212.14 211.67 211.5 211.11 211.33 211.62 211.98 211.94 212.32 212.72 212.94 212.66 212.66 212.45 212.03 210.9 210.16 209.39 208.23 207.68 207.24 207.1 207.1 207.54 208.05 208.63 209.24 209.96 210.74 210.74 211.3 212.04 212.7
-9999 209.84 210.48 211.1 211.32 211.93 212.52 212.73 213.3 213.78 214.23 214.37 214.76 215.16 215.46 215.45 215.71 215.95 216.13 216.05 216.17 216.21 216.3 216.05 216.02 215.95 215.85 215.52 215.36 215.25 215.17 214.9 214.74 214.63 214 213.7 213.42 212.99 212.17 211.64 211.19 211.02 210.62 210.83 211.12 211.48 211.48 211.84 212.23 212.48 212.15 212.11 211.91 211.52 210.32 209.5 208.85 208.23 207.05 206.79 206.79 206.58 206.92 207.37 207.91 208.37 209.1 209.81 210.56 211.09 211.81 212.4
-9999 209.53 210.1 210.67 211.05 211.65 212.23 212.73 212.96 213.4 213.88 214.02 214.48 214.77 215.11 215.1 215.43 215.68 215.87 215.78 215.87 216.02 216.13 215.83 215.79 215.8 215.71 215.37 215.23 215.13 215.07 214.61 214.43 214.25 214 213.34 213.01 212.63 211.71 211.18 210.74 210.54 210.14 210.31 210.66 211.07 211 211.35 211.7 212.02 211.64 211.58 211.37 211.37 210.37 209.67 209 208.3 207.09 206.66 206.37 206.58 206.69 207.16 207.73 208.2 208.91 209.65 210.33 210.82 211.44 212.02
