data/realblocks/ce5.asc
NCOLS 100
NROWS 100
XLLCORNER 1506552
YLLCORNER 5533496
CELLSIZE 5
NODATA_VALUE -9999
[rows 0 to 31 of 100, columns 0 to 71 of 100]
-9999 225.48 225.67 225.49 225.74 225.85 226.03 225.9 226 226.24 226.44 226.37 226.55 226.74 227.04 227.11 227.25 227.43 -9999 227.42 227.55 227.65 227.41 227.47 227.47 227.61 227.45 227.53 227.66 -9999 227.7 227.79 227.79 227.9 227.91 228.11 228.09 228.2 228.08 228.14 228.18 -9999 228.2 228.32 228.49 -9999 228.49 228.57 -9999 228.57 228.72 228.82 -9999 228.71 228.83 228.97 -9999 228.96 229.14 -9999 -9999 229.65 229.65 229.88 -9999 229.92 230.11 230.24 -9999 230.19 230.33 -9999
-9999 225.06 225.26 225.27 225.49 225.68 225.75 225.56 225.75 225.89 226.17 226.03 226.26 226.6 226.88 226.81 226.94 227.12 227.25 227.2 227.34 227.37 227.41 227.27 227.34 227.34 227.17 227.26 227.34 227.44 227.42 227.51 227.61 227.75 227.77 227.88 227.9 228 227.9 227.92 228.01 228.09 228.05 228.19 228.32 228.44 228.23 228.3 228.45 228.57 228.48 228.55 228.65 228.41 228.41 228.53 228.65 228.42 228.56 228.87 229.13 229.08 229.33 229.58 229.73 229.56 229.75 229.91 230.06 229.85 230.06 230.28
-9999 224.9 225.11 225.06 225.23 225.36 225.49 225.25 225.42 225.67 225.86 225.84 226.09 226.41 226.59 226.44 226.73 226.73 226.93 226.89 226.96 227.04 227.11 226.95 227.03 227.11 227.17 227.03 227.15 227.29 227.2 227.33 227.49 227.6 227.63 227.71 227.76 227.85 227.69 227.68 227.81 227.91 227.85 228.01 228.12 228.2 227.97 227.98 228.1 228.18 228.12 228.22 228.25 228.33 228.14 228.21 228.28 228.18 228.33 228.59 228.84 228.79 229.06 229.22 229.35 229.22 229.38 229.52 229.69 229.48 229.71 229.92
-9999 224.76 224.93 224.83 225.01 225.11 225.14 225.04 225.27 225.27 225.43 225.32 225.57 225.92 226.19 226.05 226.3 226.54 226.7 226.67 226.77 226.86 226.86 226.78 226.83 226.85 226.94 226.82 226.99 227.13 227.2 227.15 227.31 227.53 227.41 227.49 227.6 227.65 227.48 227.48 227.55 227.66 227.63 227.68 227.86 227.93 227.76 227.83 227.92 228.03 227.91 227.91 227.93 228 227.83 227.9 228.02 228.18 228.12 228.3 228.54 228.51 228.71 228.87 229.08 228.82 228.99 229.15 229.15 228.97 229.15 229.43
-9999 224.54 224.54 224.72 224.61 224.75 224.77 224.64 224.81 225.02 225.14 225.13 225.46 225.71 225.88 225.9 226.14 226.32 226.53 226.46 226.58 226.6 226.66 226.57 226.61 226.68 226.76 226.7 226.81 226.92 227.04 226.84 227.05 227.2 227.38 227.28 227.37 227.4 227.28 227.3 227.37 227.49 227.5 227.58 227.69 227.73 227.53 227.58 227.73 227.82 227.65 227.64 227.67 227.75 227.54 227.61 227.71 227.9 227.82 228.01 228.01 228.28 228.17 228.31 228.5 228.29 228.49 228.65 228.78 228.65 228.85 229.05
-9999 224.19 224.32 224.5 224.42 224.46 224.55 224.64 224.61 224.71 224.9 225 225.3 225.47 225.66 225.81 225.99 226.17 226.33 226.19 226.33 226.39 226.47 226.31 226.31 226.38 226.46 226.31 226.48 226.63 226.7 226.69 226.88 227.05 227.19 227.13 227.22 227.22 227.28 227.17 227.31 227.4 227.31 227.47 227.47 227.5 227.36 227.45 227.55 227.58 227.35 227.4 227.42 227.42 227.21 227.27 227.36 227.48 227.39 227.57 227.75 227.99 227.81 227.96 228.12 228.29 228.06 228.25 228.43 228.32 228.48 228.66
-9999 224 224.14 224.28 224.17 224.22 224.31 224.46 224.39 224.5 224.77 225 225.05 225.3 225.53 225.58 225.58 225.78 225.99 225.94 225.97 226.08 226.17 226.06 226.1 226.11 226.18 226.25 226.29 226.36 226.48 226.55 226.73 226.86 227.03 226.89 227.01 227.06 227.12 227.06 227.17 227.24 227.31 227.18 227.25 227.25 227.1 227.17 227.28 227.33 227.02 227.11 227.13 227.15 226.99 227.03 227.11 227.24 227.14 227.31 227.48 227.64 227.44 227.63 227.78 227.94 227.7 227.9 228.08 228.32 228.12 228.26
-9999 223.78 223.87 224.08 223.79 223.9 224.07 224.23 224.04 224.16 224.29 224.61 224.7 224.89 225.12 225.37 225.42 225.58 225.78 225.72 225.75 225.87 225.94 225.82 225.87 225.91 226.07 226.01 226.03 226.13 226.39 226.37 226.53 226.72 226.77 226.66 226.77 226.87 226.87 226.82 226.89 227.03 227.11 226.99 226.98 227.02 227.1 227.02 227.1 227.1 226.83 226.87 226.89 226.92 226.79 226.83 226.87 226.99 226.91 227.05 227.21 227.3 227.09 227.23 227.41 227.54 227.36 227.36 227.54 227.73 227.54 227.74
-9999 223.44 223.6 223.71 223.53 223.64 223.74 223.86 223.82 224.01 224.23 224.49 224.55 224.76 225 225.24 225.24 225.47 225.67 225.72 225.57 225.66 225.79 225.66 225.61 225.75 225.87 225.78 225.82 226.06 226.06 226.01 226.16 226.32 226.52 226.39 226.41 226.59 226.7 226.63 226.74 226.85 226.93 226.78 226.8 226.84 226.91 226.82 226.88 226.86 226.83 226.69 226.68 226.73 226.59 226.65 226.73 226.75 226.72 226.72 226.75 226.88 226.66 226.75 226.89 227.04 226.79 226.99 227.14 227.37 227.19 227.46
-9999 223.25 223.37 223.47 223.32 223.36 223.55 223.67 223.62 223.9 224.13 224.38 224.4 224.58 224.85 225.13 225.06 225.29 225.4 225.44 225.36 225.46 225.46 225.55 225.31 225.43 225.58 225.48 225.61 225.72 225.86 225.86 225.95 226.13 226.28 226.22 226.3 226.45 226.55 226.5 226.6 226.66 226.72 226.57 226.65 226.7 226.79 226.61 226.67 226.66 226.66 226.5 226.5 226.49 226.56 226.46 226.47 226.54 226.37 226.48 226.45 226.56 226.34 226.39 226.52 226.66 226.47 226.67 226.84 227.01 226.93 227.16
-9999 223.09 223.15 223.28 223.09 223.23 223.42 223.47 223.52 223.7 223.96 224.13 224.23 224.49 224.75 224.75 224.72 224.96 225.04 225.14 225.07 225.2 225.29 225.32 225.2 225.36 225.4 225.48 225.41 225.57 225.7 225.63 225.79 225.97 226.05 225.95 226.09 226.28 226.39 226.39 226.49 226.53 226.57 226.39 226.39 226.49 226.55 226.42 226.4 226.48 226.42 226.27 226.34 226.33 226.37 226.25 226.27 226.32 226.37 226.17 226.17 226.26 226.02 226.06 226.1 226.28 226.09 226.28 226.45 226.64 226.58 226.79
-9999 222.83 222.92 222.97 223.09 223.03 223.19 223.19 223.17 223.4 223.61 223.77 223.87 224.06 224.32 224.55 224.53 224.72 224.85 224.95 224.9 225.07 225.07 225.14 225.07 225.16 225.22 225.31 225.32 225.29 225.49 225.63 225.57 225.74 225.87 225.79 225.95 225.95 226.11 226.09 226.15 226.3 226.32 226.19 226.26 226.32 226.38 226.21 226.19 226.28 226.23 226.1 226.1 226.15 226.21 226.04 226.09 226.13 226.15 225.88 225.94 225.94 225.66 225.73 225.82 225.93 225.56 225.76 225.91 226.1 226.04 226.23
-9999 222.5 222.62 222.66 222.79 222.76 222.84 223.06 223.17 223.23 223.41 223.62 223.77 224.03 224.16 224.37 224.41 224.5 224.68 224.84 224.78 224.85 224.88 224.99 224.91 225.02 225.13 225.21 225.11 225.11 225.16 225.29 225.27 225.39 225.51 225.64 225.67 225.79 225.94 225.91 226.03 226.03 226.16 226.07 226.13 226.19 226.22 226.02 226.01 226.07 226.1 225.95 225.94 225.97 226.02 225.85 225.86 225.91 225.91 225.65 225.64 225.61 225.61 225.34 225.4 225.51 225.27 225.43 225.58 225.77 225.67 225.92
-9999 222.2 222.3 222.48 222.59 222.59 222.73 222.9 223.05 223.09 223.31 223.58 223.77 223.84 224.02 224.22 224.22 224.4 224.54 224.68 224.62 224.62 224.67 224.73 224.69 224.84 224.91 224.98 224.93 225.03 224.99 225.09 225.12 225.17 225.28 225.47 225.44 225.57 225.77 225.91 225.81 225.83 225.97 225.87 225.95 226.02 226.02 225.83 225.84 225.91 225.94 225.78 225.78 225.8 225.82 225.71 225.68 225.67 225.65 225.29 225.27 225.26 225.28 225 225.02 225.12 225.27 225.11 225.26 225.44 225.34 225.62
-9999 221.95 222.13 222.3 222.42 222.37 222.61 222.75 222.89 222.99 223.2 223.5 223.69 223.74 223.74 223.9 224.06 224.07 224.25 224.43 224.4 224.42 224.51 224.58 224.67 224.77 224.79 224.84 224.74 224.79 224.8 224.95 224.92 225.02 225.11 225.26 225.23 225.42 225.59 225.71 225.61 225.72 225.8 225.8 225.66 225.8 225.8 225.66 225.66 225.7 225.76 225.6 225.65 225.66 225.69 225.51 225.46 225.43 225.4 225.02 224.95 224.92 224.98 224.61 224.61 224.79 224.86 224.72 224.88 225.05 225.34 225.35
-9999 221.78 221.95 222.1 222.28 222.17 222.17 222.47 222.62 222.66 222.92 223.1 223.36 223.39 223.59 223.78 223.96 223.99 224.16 224.29 224.4 224.26 224.42 224.48 224.52 224.54 224.65 224.67 224.61 224.58 224.71 224.83 224.71 224.72 224.98 225.11 224.9 225.07 225.18 225.39 225.28 225.39 225.49 225.58 225.51 225.56 225.61 225.66 225.51 225.57 225.57 225.45 225.48 225.52 225.53 225.31 225.26 225.16 225.11 224.68 224.62 224.59 224.61 224.25 224.26 224.26 224.38 224.18 224.37 224.54 224.68 224.74
-9999 221.45 221.56 221.81 221.93 221.9 222.08 222.28 222.45 222.55 222.74 223.03 223.18 223.28 223.49 223.64 223.83 223.92 224.05 224.16 224.2 224.18 224.34 224.45 224.52 224.47 224.53 224.55 224.34 224.29 224.48 224.57 224.49 224.48 224.61 224.71 224.73 224.9 225.03 225.17 225.09 225.23 225.32 225.43 225.36 225.43 225.48 225.51 225.43 225.44 225.45 225.45 225.34 225.39 225.34 225.1 224.96 224.96 224.86 224.44 224.36 224.34 224.29 223.79 223.88 223.92 224.04 223.8 223.93 224.15 224.46 224.43
-9999 221.3 221.46 221.66 221.73 221.78 221.88 222.11 222.32 222.36 222.67 222.89 223.01 223.13 223.38 223.54 223.66 223.83 223.95 224.07 224.07 224 224.14 224.27 224.37 224.28 224.29 224.37 224.34 224.32 224.37 224.38 224.31 224.34 224.47 224.53 224.52 224.69 224.78 224.97 224.93 225.03 225.14 225.27 225.23 225.3 225.32 225.39 225.28 225.32 225.32 225.31 225.18 225.21 225.2 225.14 224.81 224.66 224.51 224.01 223.98 223.93 223.86 223.47 223.55 223.56 223.68 223.36 223.56 223.86 224.14 224.16
-9999 221.3 221.33 221.45 221.59 221.58 221.73 221.99 222.2 222.34 222.53 222.72 222.93 222.83 223.03 223.24 223.4 223.48 223.74 223.81 223.93 223.96 224.13 224.13 224.18 224.14 224.21 224.22 224.28 224.14 224.15 224.28 224.31 224.18 224.31 224.39 224.37 224.51 224.59 224.78 224.71 224.83 224.83 224.91 224.91 225.05 225.13 225.19 225.14 225.2 225.21 225.21 225.11 225.07 225.02 224.93 224.49 224.32 224.18 224.01 223.57 223.48 223.39 223.16 223.12 223.16 223.25 223.05 223.28 223.55 223.82 223.89
-9999 221.19 221.15 221.23 221.43 221.43 221.44 221.66 221.87 221.96 222.21 222.38 222.58 222.72 222.89 223.08 223.32 223.41 223.61 223.66 223.82 223.9 224 224.09 224.12 223.98 224.01 224.05 224.05 223.95 223.95 224.1 224.09 224.03 224.09 224.09 224.27 224.17 224.26 224.44 224.31 224.53 224.68 224.84 224.82 224.91 224.97 225.07 224.99 225.04 225.06 225.12 224.97 224.89 224.79 224.67 224.17 223.97 223.85 223.74 223.13 223.02 223.07 223.16 222.69 222.71 222.71 222.49 222.7 222.93 223.22 223.3
-9999 220.85 220.9 220.98 221.13 221.27 221.34 221.52 221.76 221.96 222 222.23 222.45 222.59 222.78 223.03 223.23 223.32 223.4 223.57 223.77 223.78 223.83 223.91 223.97 223.91 223.89 223.89 223.91 223.79 223.82 223.86 223.9 223.81 223.84 223.93 224 224.03 224.16 224.33 224.31 224.38 224.58 224.75 224.66 224.74 224.84 224.95 224.87 224.92 224.96 224.96 224.83 224.69 224.56 224.35 224.01 223.81 223.66 223.44 222.82 222.71 222.67 222.68 222.23 222.22 222.34 222.49 222.41 222.63 222.93 223.13
-9999 220.76 220.71 220.86 221.01 221.11 221.24 221.44 221.65 221.86 221.91 222.18 222.37 222.59 222.7 222.94 223.14 223.14 223.33 223.33 223.54 223.6 223.64 223.72 223.78 223.77 223.69 223.75 223.77 223.7 223.7 223.72 223.71 223.64 223.67 223.78 223.85 223.81 223.92 224.09 224.23 224.27 224.45 224.57 224.51 224.61 224.75 224.83 224.76 224.76 224.81 224.85 224.71 224.6 224.38 224.24 223.72 223.51 223.23 223.02 222.41 222.35 222.29 222.24 221.76 221.86 221.97 222.19 222.09 222.38 222.72 223.13
-9999 220.57 220.56 220.71 220.88 221.13 221.21 221.36 221.6 221.75 221.85 222.08 222.08 222.29 222.39 222.64 222.86 223.02 223.05 223.31 223.4 223.45 223.48 223.6 223.63 223.58 223.66 223.63 223.69 223.54 223.6 223.52 223.66 223.4 223.51 223.62 223.72 223.6 223.75 223.79 224.08 223.9 224.11 224.3 224.42 224.42 224.55 224.61 224.58 224.69 224.71 224.74 224.5 224.36 224.15 223.91 223.38 223.08 222.79 222.59 222.04 221.94 221.84 221.78 221.3 221.46 221.64 221.84 221.78 222.15 222.15 222.52
-9999 220.42 220.52 220.7 220.7 220.8 220.96 221.12 221.32 221.5 221.57 221.8 222.01 222.19 222.32 222.56 222.75 222.91 223.03 223.18 223.36 223.45 223.41 223.52 223.56 223.37 223.5 223.5 223.54 223.35 223.44 223.37 223.37 223.24 223.24 223.37 223.45 223.34 223.45 223.54 223.66 223.8 224.01 224.16 224.26 224.29 224.42 224.49 224.58 224.55 224.61 224.58 224.28 224.07 223.87 223.6 222.97 222.65 222.38 222.13 221.6 221.47 221.36 221.36 220.86 220.94 221.11 221.28 221.25 221.54 221.93 222.37
-9999 220.16 220.25 220.4 220.59 220.7 220.83 221 221.19 221.37 221.56 221.72 221.92 222.18 222.28 222.5 222.66 222.85 222.97 223.18 223.23 223.27 223.34 223.37 223.4 223.37 223.33 223.39 223.34 223.25 223.23 223.27 223.18 223.03 223.16 223.19 223.23 223.12 223.23 223.31 223.57 223.7 223.85 224 224.12 224.16 224.26 224.41 224.48 224.41 224.48 224.43 224.28 223.82 223.59 223.59 222.95 222.62 222.25 221.98 221.43 221.14 220.95 220.82 220.46 220.59 220.74 220.92 221.02 221.37 221.78 222.23
-9999 220.06 220.25 220.34 220.54 220.71 220.72 220.92 221.13 221.32 221.46 221.66 221.86 222.08 222.2 222.43 222.64 222.79 222.76 222.9 223.01 223.14 223.14 223.16 223.22 223.27 223.18 223.18 223.18 223.25 223.14 223.04 223.06 222.95 222.98 223.04 223.05 222.96 223.11 223.25 223.48 223.52 223.71 223.89 224.04 224.06 224.19 224.3 224.3 224.28 224.33 224.31 224.17 223.82 223.58 223.26 222.95 222.27 221.89 221.57 220.94 220.7 220.43 220.38 220.08 220.24 220.45 220.74 220.87 221.28 221.73 222.09
-9999 219.97 220.2 220.25 220.46 220.65 220.72 220.91 221.03 221.25 221.43 221.43 221.59 221.82 221.97 222.25 222.4 222.59 222.74 222.93 222.96 223.05 223.05 223.07 223.11 223.14 223.04 223.05 223.03 223.05 222.9 222.88 222.91 222.95 222.74 222.84 222.81 222.82 222.91 223.21 223.21 223.2 223.41 223.62 223.77 223.8 223.9 224.09 224.17 224.18 224.19 224.16 223.98 223.6 223.32 222.96 222.58 221.95 221.58 221.27 220.94 220.17 220.01 220 219.71 219.92 220.18 220.5 220.71 220.71 221.11 221.49
-9999 219.96 220.12 220.06 220.25 220.36 220.59 220.6 220.77 221 221.2 221.29 221.52 221.75 222.02 222.18 222.38 222.55 222.7 222.79 222.88 222.97 222.94 222.99 222.99 223.02 222.85 222.87 222.87 222.86 222.68 222.68 222.73 222.73 222.53 222.57 222.61 222.68 222.67 222.84 223.07 223.08 223.3 223.52 223.66 223.76 223.9 223.97 224.09 224.03 224.01 223.97 223.81 223.32 223.03 222.67 222.28 221.65 221.26 220.88 220.5 219.73 219.73 219.61 219.64 219.38 219.61 219.92 220.17 220.53 220.95 221.53
-9999 219.69 219.91 219.95 220.18 220.27 220.43 220.6 220.74 220.97 221.12 221.23 221.48 221.72 222.02 222.15 222.36 222.52 222.58 222.71 222.78 222.84 222.83 222.86 222.88 222.88 222.72 222.77 222.71 222.72 222.57 222.54 222.56 222.52 222.31 222.36 222.36 222.49 222.51 222.72 222.87 223.08 223.17 223.42 223.57 223.62 223.79 223.9 224.02 223.91 223.86 223.78 223.6 223.15 223.15 222.81 222.45 221.8 221.37 220.89 220.41 219.62 219.34 219.24 219.28 219.11 219.37 219.79 220.17 220.5 221 221.61
-9999 219.65 219.8 219.94 220.13 220.3 220.44 220.51 220.74 220.98 221.07 221.25 221.55 221.75 221.95 222.06 222.24 222.24 222.5 222.47 222.58 222.66 222.71 222.76 222.74 222.8 222.62 222.61 222.61 222.6 222.41 222.36 222.34 222.34 222.09 222.12 222.21 222.39 222.35 222.58 222.76 222.96 223.07 223.32 223.47 223.62 223.69 223.69 223.83 223.79 223.79 223.71 223.59 223.15 222.9 222.58 222.21 221.53 221.04 220.55 220.02 219.22 218.96 218.85 218.89 218.85 219.17 219.53 220 220.55 221.13 221.71
-9999 219.6 219.78 219.92 220.09 220.25 220.4 220.5 220.7 220.87 220.87 221.05 221.29 221.55 221.69 221.89 222.04 222.26 222.37 222.44 222.52 222.64 222.58 222.64 222.64 222.63 222.45 222.41 222.46 222.5 222.24 222.23 222.15 222.09 221.91 221.93 222.03 222.2 222.18 222.18 222.43 222.63 222.7 222.95 223.19 223.39 223.44 223.63 223.73 223.79 223.63 223.53 223.37 222.95 222.67 222.31 221.97 221.15 220.59 220.06 219.55 218.79 218.55 218.48 218.6 218.62 219.01 219.51 219.51 220.12 220.71 221.24
-9999 219.56 219.56 219.72 219.86 220.04 220.18 220.37 220.43 220.62 220.77 221.07 221.29 221.49 221.66 221.86 222 222.2 222.34 222.33 222.42 222.53 222.58 222.51 222.52 222.5 222.31 222.32 222.34 222.27 222.06 222.06 221.95 221.88 221.72 221.7 221.74 221.84 221.83 222.04 222.26 222.41 222.58 222.78 223.03 223.25 223.36 223.51 223.65 223.65 223.39 223.3 223.15 222.95 222.38 222.02 221.59 220.71 220.1 219.56 219.08 218.67 218.33 218.15 218.12 218.04 218.46 218.96 219.51 220.2 220.8 221.32
