data/realblocks/ce5.asc
NCOLS 100
NROWS 100
XLLCORNER 1506552
YLLCORNER 5533496
CELLSIZE 5
NODATA_VALUE -9999
[rows 64 to 95 of 100, columns 0 to 71 of 100]
-9999 209.14 209.67 210.38 210.79 211.38 211.89 212.4 212.63 213.07 213.64 214.02 214.13 214.43 214.81 214.74 214.74 215.09 215.4 215.42 215.58 215.74 215.82 215.64 215.56 215.56 215.45 215.12 215.03 214.94 214.79 214.41 214.15 213.92 213.64 212.99 212.66 212.22 211.71 210.78 210.35 210.04 209.67 209.86 210.23 210.23 210.07 210.5 210.88 211.27 211.04 211.16 211.1 210.87 209.76 209.14 208.42 207.73 206.62 206.18 206.06 206.41 206.51 206.96 207.56 208.2 208.67 209.35 210.11 210.43 211.04 211.64
-9999 208.79 209.4 210.11 210.51 211.04 211.58 212.08 211.87 212.33 212.8 213.29 213.4 213.74 214.08 214.35 214.48 214.85 215.13 215.17 215.39 215.51 215.56 215.36 215.4 215.39 215.25 214.92 214.86 214.78 214.56 214.13 213.94 213.66 213.33 212.75 212.26 212.26 211.77 210.87 210.37 209.92 209.66 209.17 209.38 209.75 209.6 210.05 210.43 210.76 210.55 210.7 210.56 210.31 209.17 208.57 207.85 207.17 206.14 205.77 205.82 206.14 206.24 206.76 207.35 208 208.41 208.41 209.09 209.77 209.98 210.58
-9999 207.85 208.5 209.14 209.61 210.14 210.69 211.24 211.53 212.05 212.49 212.94 213.06 213.36 213.72 214.13 214.2 214.51 214.88 215.17 215.11 215.22 215.35 215.17 215.22 215.11 215.03 214.82 214.73 214.58 214.58 214.16 213.92 213.65 213.33 212.78 212.37 211.87 211.35 210.49 209.99 209.54 209.13 208.76 208.97 209.26 209.6 209.54 209.96 210.31 210.06 210.15 210.05 209.74 208.61 207.98 207.22 206.61 205.65 205.65 205.35 205.53 205.62 206.02 206.55 207.1 207.47 208.09 208.73 209.37 209.56 210.15
-9999 207.55 208.26 208.96 209.32 209.81 210.46 211.01 211.3 211.77 212.21 212.74 212.68 213.06 213.45 213.83 213.93 214.29 214.64 214.92 214.84 215.04 215.04 215.17 215 214.95 214.9 214.77 214.72 214.6 214.39 213.97 213.71 213.37 213.16 212.5 212.02 211.44 210.97 210.14 209.63 209.09 208.73 208.29 208.42 208.77 209.11 209.09 209.48 209.79 210.06 209.62 209.62 209.46 208.54 207.97 207.29 206.61 205.63 205.21 204.98 205.3 205.36 205.81 206.34 206.86 207.21 207.78 208.38 208.99 209.16 209.89
-9999 207.31 208.06 208.69 209 209.59 210.2 210.75 211.04 211.53 211.97 212.36 212.4 212.79 213.2 213.2 213.3 213.7 214.04 214.43 214.34 214.54 214.81 214.94 214.82 214.84 214.82 214.77 214.55 214.41 214.22 213.82 213.52 213.19 212.92 212.25 211.7 211.24 210.69 209.83 209.2 208.7 208.4 207.86 207.86 207.97 208.3 208.19 208.61 208.98 209.27 209.02 209.04 208.89 208.54 207.37 206.72 206.14 205.18 204.78 204.72 204.96 205.13 205.66 206.04 206.62 206.87 207.44 207.99 208.54 208.95 209.78
-9999 207.08 207.75 208.39 208.69 209.33 209.93 209.93 210.21 210.75 211.3 211.65 211.76 212.14 212.54 212.92 213.06 213.42 213.77 214.05 214.01 214.3 214.59 214.73 214.65 214.69 214.72 214.69 214.45 214.23 214.03 213.65 213.37 213.09 212.69 212.02 212.02 211.49 210.97 210.08 209.47 208.83 208.31 207.58 207.38 207.47 207.81 207.72 208.1 208.44 208.75 208.52 208.52 208.34 207.93 206.79 206.2 205.62 205.18 204.34 204.43 204.71 204.92 205.4 205.89 206.4 206.07 206.56 207.09 207.62 208.17 208.98
-9999 206.14 206.78 207.41 208.04 208.51 209.03 209.63 209.9 210.46 210.94 211.35 211.45 211.85 212.28 212.61 212.79 213.14 213.46 213.74 213.79 214.17 214.35 214.51 214.48 214.65 214.65 214.65 214.39 214.39 214.13 213.93 213.53 213.22 212.87 212.19 211.79 211.31 210.71 209.82 209.11 208.55 208.01 207.15 206.91 207.03 207.28 207.22 207.55 207.97 208.32 207.94 207.96 207.78 207.36 206.27 205.64 205.09 205.09 204.25 204.05 204.11 204.53 204.74 205.15 205.67 205.75 206.27 206.82 207.46 208.22 209.06
-9999 205.84 206.49 207.12 207.77 208.09 208.77 209.32 209.9 210.16 210.64 211.05 211.16 211.65 212.04 212.43 212.48 212.81 213.1 213.39 213.51 213.51 213.78 214.05 214.1 214.4 214.55 214.57 214.38 214.21 214.05 213.75 213.31 213.02 212.65 212.19 211.54 211.01 210.4 209.45 208.81 208.18 207.63 206.8 206.44 206.64 206.83 206.75 207.03 207.49 207.49 207.29 207.47 207.47 207.2 206.31 205.73 205.12 204.63 203.91 203.7 203.87 204.29 204.51 204.9 205.34 205.75 206.07 206.69 207.43 208.3 209.18
-9999 205.56 206.19 206.83 207.46 207.78 208.42 209.02 209.61 209.79 210.27 210.72 211.16 211.34 211.34 211.78 211.78 212.09 212.41 212.78 212.8 213.21 213.5 213.93 213.98 214.25 214.41 214.44 214.27 214.07 213.9 213.65 213.21 212.86 212.46 212.01 211.33 210.78 210.14 209.45 208.47 207.82 207.21 206.85 206.35 206.13 206.2 205.9 206.23 206.56 206.98 206.8 206.94 206.96 206.73 205.83 205.16 204.65 204.19 203.57 203.41 203.67 204.08 204.24 204.59 205.04 205.5 206 206.73 207.46 208.3 209.36
-9999 205.21 205.95 206.55 207.19 207.58 207.58 208.1 208.67 208.94 209.44 209.94 210.39 210.6 211.04 211.44 211.78 211.72 212.04 212.42 212.46 212.91 213.24 213.6 213.76 214.04 214.28 214.33 214.02 213.92 213.8 213.56 213.01 212.6 212.15 212.15 211.53 211.07 210.45 209.82 208.78 208.07 207.43 206.85 205.96 205.7 205.7 205.46 205.8 206.1 206.49 206.3 206.49 206.44 206.19 205.21 204.68 204.14 203.79 203.28 203.21 203.59 203.92 204.04 204.41 204.41 204.8 205.25 205.98 206.74 207.55 208.63
-9999 204.31 204.95 205.61 206.24 206.62 207.23 207.81 208.39 208.54 209.09 209.58 210.08 210.27 210.71 211.04 211.39 211.3 211.64 212 212.46 212.54 212.91 213.32 213.57 213.85 214.04 214.08 213.77 213.81 213.76 213.58 213.09 212.84 212.43 212.01 211.35 210.76 210.15 209.49 208.39 207.68 206.97 206.45 205.58 205.27 205.3 205.46 205.31 205.6 205.95 205.8 205.97 205.9 205.66 204.65 204.17 204.17 203.71 203.1 203 203.11 203.44 203.58 203.9 204.26 204.69 205.28 206.03 206.83 207.72 208.91
-9999 204.01 204.74 205.34 206 206.32 206.94 207.48 208.07 208.23 208.75 209.27 209.77 209.86 210.24 210.6 210.92 210.76 211.17 211.64 211.64 211.67 212.12 212.56 213.06 213.27 213.59 213.75 213.55 213.59 213.48 213.42 212.86 212.5 212.21 211.78 211.02 210.45 209.83 209.09 207.95 207.24 206.6 206.06 205.22 204.9 204.8 205 204.76 204.76 205.14 205.47 205.28 205.4 205.35 204.42 204.02 203.65 203.33 202.81 202.73 202.97 203.27 203.44 203.8 204.2 204.65 205.35 206.14 207.02 207.94 209.31
-9999 204.01 204.41 205.09 205.67 206 206.63 207.2 207.7 207.88 208.41 208.89 208.89 208.95 209.47 209.76 210.08 209.85 210.25 210.72 211.28 211.16 211.71 212.29 212.81 212.97 213.22 213.44 213.55 213.26 213.24 213.05 212.56 212.21 211.97 211.5 210.67 209.98 209.39 208.69 207.45 206.8 206.8 206.15 205.29 204.89 204.45 204.43 204.13 204.36 204.68 205.02 204.68 204.81 204.72 204.42 203.45 203.16 202.9 202.49 202.6 202.9 203.17 203.42 203.74 204.18 204.73 205.53 206.34 207.27 208.27 208.62
-9999 203.8 204.17 204.84 205.37 205.37 205.67 206.23 206.82 207.04 207.55 208.03 208.57 208.48 208.86 209.22 209.5 209.31 209.77 210.29 210.84 210.77 211.38 211.98 212.52 212.51 212.84 213.08 213.22 212.9 212.81 212.79 212.56 211.99 211.99 211.66 210.82 210.23 209.63 208.95 207.78 207.12 206.42 205.82 204.85 204.47 204.09 203.95 203.68 203.9 204.18 204.52 204.05 204.13 204 203.7 202.87 202.7 202.56 202.49 202.49 202.9 203.16 203.38 203.38 203.77 204.25 204.93 205.7 206.6 207.57 209.05
-9999 202.86 203.27 203.89 204.51 205.08 205.34 205.94 206.53 206.64 207.1 207.62 208.14 207.96 208.31 208.6 208.89 208.88 209.31 209.82 210.23 210.41 210.97 211.55 212.05 212.12 212.44 212.44 212.63 212.35 212.38 212.43 212.36 211.85 211.6 211.3 210.82 209.77 209.2 208.46 207.36 206.67 206.04 205.35 204.36 204.07 203.71 203.51 203.29 203.45 203.72 203.88 203.45 203.41 203.26 203.08 202.48 202.39 202.31 202.27 202.16 202.47 202.78 203.09 203.34 203.75 204.31 205.06 205.95 206.88 207.95 209.5
-9999 202.67 203.06 203.62 204.17 204.74 204.96 205.57 206.08 206.64 206.74 207.15 207.58 207.35 207.65 207.95 208.37 208.37 208.83 208.83 209.23 209.32 209.92 210.55 211.15 211.12 211.58 211.92 212.19 211.87 211.89 211.99 211.93 211.43 211.24 210.84 210.35 209.31 208.69 208.06 207.36 206.22 205.64 205.04 203.95 203.57 203.26 203.14 202.65 202.74 202.88 203.11 202.74 202.75 202.68 202.58 201.96 201.92 201.92 201.96 202.09 202.4 202.66 203.04 203.33 203.78 204.35 205.06 206.22 207.24 208.34 209.87
-9999 202.46 202.75 203.28 203.84 204.4 204.61 205.13 205.71 206.17 206.22 206.22 206.66 207.04 206.75 207.1 207.47 207.38 207.86 208.35 208.75 208.94 209.5 210.16 210.69 210.63 211.09 211.34 211.68 211.25 211.41 211.54 211.52 210.99 210.73 210.34 209.81 208.79 208.2 207.57 206.89 206.46 205.77 205.14 204.55 203.53 203.18 202.84 202.11 202.21 202.33 202.5 202.01 202 202.04 202.02 201.58 201.55 201.6 201.74 202 202.36 202.7 203.02 203.33 203.82 204.43 205.24 206.47 207.56 207.56 208.72
-9999 202.2 202.42 202.96 202.96 203.52 203.67 204.24 204.79 205.27 205.32 205.76 206.14 206.46 206.13 206.55 206.92 207.38 207.34 207.87 208.35 208.48 209.1 209.64 210.15 210.09 210.43 210.74 211.07 210.66 210.85 210.99 211.02 210.47 210.38 210.15 209.77 208.77 208.23 207.7 207.13 205.99 205.3 204.64 204.02 203.06 202.66 202.29 202.11 201.63 201.8 201.98 201.33 201.32 201.42 201.49 201.15 201.21 201.28 201.64 202.01 202.41 202.69 202.69 203.06 203.41 203.88 204.62 205.75 206.78 207.91 209.09
-9999 201.34 201.58 202.11 202.67 203.18 203.36 203.88 204.35 204.84 204.78 205.25 205.56 205.84 205.57 205.99 206.4 206.84 206.84 207.37 207.88 208.48 208.58 209.09 209.6 209.48 209.48 209.83 210.1 209.75 210.08 210.32 210.43 209.84 209.8 209.54 209.22 208.18 207.72 207.17 206.62 205.47 204.74 204.13 203.58 202.65 202.14 201.77 201.61 201.11 201.19 201.23 201.33 200.72 200.87 200.87 200.6 200.86 201.06 201.24 201.66 202.09 202.44 202.78 203.15 203.57 204.11 204.89 206.11 207.14 208.3 209.55
-9999 201 201.26 201.84 202.32 202.86 203.02 203.46 204.01 204.38 204.31 204.63 204.89 205.18 205.02 205.45 205.93 206.37 205.85 206.4 206.9 207.42 207.41 208.01 208.51 209.02 208.74 209.09 209.41 209.11 209.4 209.64 209.76 209.07 209.01 208.82 208.54 207.49 207.13 206.62 206.08 204.86 204.36 203.69 203.12 202.13 201.7 201.7 201.27 200.49 200.51 200.58 200.58 200.07 200.17 200.4 200.6 200.79 200.96 201.26 201.69 202.25 202.49 202.81 203.28 203.71 204.28 205.1 206.53 207.63 208.81 209.98
-9999 200.71 201.26 201.59 201.99 202.5 202.61 203.12 203.56 203.9 203.41 203.68 203.98 204.3 204.08 204.5 204.95 205.42 205.46 205.85 206.38 206.94 206.91 207.43 207.9 208.38 207.96 208.36 208.71 209.11 208.7 208.86 209.12 208.31 208.31 208.1 207.84 206.84 206.47 206.03 206.03 204.81 204.35 203.81 203.2 202.07 201.66 201.1 200.68 199.92 199.82 199.88 199.92 199.46 199.65 199.56 200.01 200.72 200.92 201.28 201.69 202.16 202.57 202.9 203.46 204.02 204.69 205.51 207.09 207.09 208.2 209.39
-9999 200.45 200.99 200.72 201.21 201.69 202.17 202.28 202.72 203.07 202.81 203.11 203.4 203.73 203.58 204.05 204.45 204.89 204.9 205.39 205.89 206.41 206.38 206.85 207.25 207.65 207.24 207.65 208.02 208.38 207.9 208.17 208.17 208.33 207.58 207.42 207.32 206.31 206.06 205.78 205.34 204.16 203.69 203.21 202.74 201.46 201.08 200.6 200.19 199.35 199.32 199.26 199.37 199.01 199.02 199.69 200 200.58 200.89 201.33 201.73 202.21 202.21 202.68 203.08 203.81 204.39 205.14 206.69 207.75 208.86 210.03
-9999 199.64 200.2 200.42 200.9 201.35 201.79 201.89 202.22 202.51 202.81 202.56 202.84 203.22 203.16 203.56 203.97 204.44 204.49 204.84 205.34 205.89 205.77 206.18 206.51 206.51 206.12 206.51 206.93 207.28 206.78 207.08 207.31 207.44 206.62 206.58 206.5 206.31 205.27 205 204.54 203.47 203.03 202.59 202.07 200.9 200.48 200.01 199.61 198.82 198.79 198.82 198.92 198.59 198.59 199.13 199.28 200.19 200.39 200.82 201.32 201.85 202.36 202.86 203.3 204.17 204.9 205.71 206.69 208.53 209.59 210.72
-9999 199.38 199.94 200.12 200.59 201 201.47 201.46 201.74 202.01 202.28 202.13 202.42 202.78 203.16 203.11 203.52 203.52 203.59 203.93 204.34 204.89 204.74 205.12 205.48 205.82 205.36 205.85 206.17 206.5 205.96 206.23 206.37 206.59 205.69 205.72 205.67 205.51 204.41 204.12 203.81 203.47 202.32 201.92 201.34 200.21 200.21 199.77 199.37 198.52 198.35 198.36 198.37 198.42 198.69 198.81 199.89 199.99 200.34 200.82 201.32 201.96 202.55 203.05 203.56 204.76 205.55 206.42 207.45 209.42 210.44 211.56
-9999 199.16 199.66 199.82 200.27 200.67 201.11 201.03 201.25 201.25 201.54 201.36 201.69 201.99 202.36 202.26 202.68 203.07 203.59 203.38 203.88 204.28 204.08 204.41 204.71 205.11 204.71 205.09 205.36 205.64 205.13 205.32 205.53 205.65 204.84 204.85 204.77 204.63 203.57 203.57 203.3 203.04 201.79 201.5 201.12 200.62 199.48 199.1 198.83 198.05 197.89 197.97 198.21 198.3 198.25 199.48 199.73 199.86 200.28 200.79 201.36 202.18 202.8 203.34 204.02 205.49 206.38 207.31 207.31 209.33 210.38 211.4
-9999 198.92 198.92 199.11 199.52 199.96 200.37 200.3 200.56 200.77 201.05 200.92 201.21 201.58 201.95 201.85 202.2 202.64 202.97 202.87 203.3 203.7 204.08 203.67 204 204.39 203.96 204.23 204.55 204.81 204.22 204.22 204.49 204.55 203.84 203.91 203.9 203.88 202.8 202.65 202.39 202.14 200.98 200.56 200.2 199.85 198.75 198.41 198.22 198.05 197.7 197.89 198.17 198.11 198.96 199.42 199.58 199.87 200.33 200.87 200.87 201.76 202.45 203.17 203.89 205.42 206.36 207.3 208.28 210.36 211.37 212.33
-9999 198.16 198.62 198.78 199.23 199.66 199.98 199.8 200.06 200.38 200.65 200.55 200.86 201.16 201.49 201.34 201.69 202.08 202.42 202.3 202.62 203.04 203.38 202.92 202.92 203.28 203.51 203.15 203.41 203.71 203.12 203.33 203.56 203.71 202.89 202.93 202.96 202.94 201.88 201.72 201.42 201.26 200.07 199.7 199.38 199.05 198.01 197.84 197.77 197.61 197.63 197.88 198.01 198.01 198.45 199.01 199.27 199.54 200.01 200.5 201.16 202.21 202.95 203.7 204.56 206.26 207.27 208.3 209.33 211.37 212.34 213.26
-9999 197.92 198.45 198.53 198.94 199.25 199.55 199.42 199.63 199.96 200.24 200.11 200.35 200.7 201.05 200.84 200.84 201.16 201.48 201.25 201.64 202.02 202.33 201.9 202.24 202.51 202.83 202.32 202.66 202.93 203.12 202.44 202.67 202.79 201.92 201.94 201.95 201.92 200.92 200.74 200.55 200.35 199.09 198.77 198.5 198.5 197.47 197.45 197.32 197.39 197.33 197.63 197.76 197.95 198.59 198.94 199.2 199.54 200.22 200.8 201.55 202.75 203.55 204.3 205.24 207.11 208.24 209.29 210.34 212.28 213.22 214.04
-9999 197.63 198.04 198.53 198.57 198.84 199.11 198.93 198.93 199.17 199.49 199.36 199.64 199.88 200.19 199.91 200.3 200.67 200.84 200.64 201.03 201.37 201.66 201.26 201.56 201.8 202.1 201.54 201.8 202.07 202.29 201.54 201.69 201.81 201.92 200.98 200.98 200.98 199.92 199.88 199.72 199.53 198.3 198.18 197.88 197.67 197.07 197.02 196.99 197.15 197.43 197.64 197.76 198.15 198.59 198.86 199.24 199.69 200.67 201.3 202.01 202.75 204.18 205.07 206.02 207.85 209.04 209.04 210.15 212.08 213.06 213.98
-9999 196.89 197.32 197.78 197.78 198.11 198.41 198.63 198.39 198.69 199 198.82 199.11 199.4 199.74 199.42 199.76 200.06 200.34 200.08 200.4 200.69 200.95 200.59 200.85 201.02 201.28 200.77 200.91 201.17 201.17 200.46 200.68 200.78 200.88 199.93 199.95 199.96 199.92 198.83 198.68 198.57 197.43 197.26 197.07 196.96 196.72 196.79 196.91 197.22 197.48 197.69 197.86 198.3 198.55 198.87 199.44 200.05 201.13 201.13 201.88 202.6 204.11 204.91 205.8 206.76 208.62 209.8 210.97 212.72 213.71 214.51
-9999 196.63 197.06 197.48 197.36 197.63 197.86 198.08 197.85 198.2 198.53 198.82 198.59 198.86 199.15 198.88 199.2 199.45 199.73 199.45 199.71 199.99 200.31 199.64 199.87 200.08 200.29 199.82 199.99 200.14 200.37 199.66 199.78 199.85 199.86 198.96 198.99 198.98 198.92 197.84 197.63 197.59 197.43 196.59 196.58 196.69 196.64 196.82 197.04 197.29 197.31 197.78 197.78 197.98 198.27 198.55 199.18 199.81 200.94 201.71 202.52 203.25 204.85 205.69 206.57 207.52 209.33 210.45 211.66 212.72 214.1 214.87
-9999 196.3 196.71 197.1 196.87 197.03 197.25 197.45 197.29 197.64 198 198.34 198.06 198.31 198.56 198.56 198.26 198.56 198.88 198.62 198.79 199.18 199.37 198.96 199.16 199.35 199.56 198.99 199.18 199.34 199.48 198.8 198.86 198.88 198.91 198.09 198.04 198.01 197.88 196.79 196.83 196.71 196.65 196.17 196.17 196.39 196.51 196.66 197.03 197.13 197.28 197.45 197.79 198.03 198.36 198.93 199.56 200.2 201.49 202.31 203.12 203.99 205.69 206.52 207.35 208.21 209.95 211.08 212.16 213.18 214.31 215.09
