data/realblocks/ka1.asc
NCOLS 100
NROWS 100
XLLCORNER 1506552
YLLCORNER 5533496
CELLSIZE 5
NODATA_VALUE -9999
[rows 32 to 63 of 100, columns 0 to 71 of 100]
-9999 510.74 510.83 511.97 512.88 512.88 513.68 514.25 514.49 514.81 515.09 515.5 515.97 515.97 516.43 516.74 517.12 517.49 517.48 517.9 518.15 518.52 518.52 518.84 519.22 519.54 519.48 519.91 520.09 520.36 520.36 520.56 520.78 521.11 521.34 521.1 521.53 521.69 522.13 521.8 521.97 522.41 522.59 522.27 522.76 522.88 522.99 523.46 523.05 523.16 523.72 523.84 523.84 523.8 523.76 524.26 523.67 523.57 524.06 523.9 523.21 523.63 523.16 522.67 523.02 522.17 522.58 521.97 521.33 521.33 520.73 520.23
-9999 510.74 511.47 512.31 512.58 513.37 513.63 513.95 514.46 514.95 515.2 515.3 515.76 516.11 516.48 516.48 516.77 517.11 517.48 517.38 517.66 518.11 518.41 518.33 518.73 519.08 519.28 519.77 519.55 519.99 520.17 520.39 520.39 520.55 520.68 521.1 520.89 520.95 521.35 521.48 521.71 521.71 521.75 522.27 522.39 521.98 522.48 522.54 522.67 522.67 522.65 522.68 523.26 522.7 522.58 523.16 523.03 523.57 522.88 522.71 523.21 522.82 521.99 522.31 521.87 521.35 521.35 520.81 520.27 520.48 519.62 519.93
-9999 511.34 512.08 512.77 512.77 513.3 513.63 514.23 514.31 514.69 515.11 515.48 515.48 515.8 516.09 516.41 516.33 516.61 516.99 517.22 517.66 517.51 517.89 518.33 518.6 518.45 518.87 519.07 519.35 519.35 519.58 519.67 520.18 520.24 520.24 520.39 520.41 520.95 520.59 520.7 521.19 521.26 520.86 521.38 521.53 521.5 521.5 521.6 522.09 522.19 522.15 522.15 522.15 522.09 522.58 521.97 521.88 522.35 522.19 521.48 521.98 521.62 521.99 521.12 520.64 521.01 520.52 519.99 519.99 519.39 518.77 518.99
-9999 511.71 512.3 512.56 513.07 513.39 513.66 514.04 514.31 514.52 514.81 515.16 515.49 515.74 515.74 515.98 516.31 516.61 516.54 516.8 517.21 517.51 517.51 517.78 518.02 518.45 518.69 518.4 518.9 519.09 519.21 519.21 519.31 519.43 519.88 519.48 519.98 520.07 520.16 520.16 520.28 520.34 520.86 520.96 520.45 520.99 520.98 521.09 521.09 521.07 521.62 521.62 521.06 521.57 521.48 521.4 521.4 521.18 520.93 521.48 521.16 520.33 520.76 520.28 520.64 519.86 519.4 519.7 519.14 518.23 518.5 517.92
-9999 512.14 512.14 512.59 513.05 513.39 513.83 513.86 514.17 514.53 514.83 514.83 515.12 515.41 515.64 515.58 515.93 516.18 516.47 516.8 516.7 516.92 517.37 517.56 517.39 517.77 517.96 518.4 518.12 518.33 518.75 518.82 518.46 518.95 519.01 519.08 519.59 519.13 519.24 519.7 519.77 519.77 519.87 519.89 520.45 519.86 519.86 520.48 520.52 519.99 520.59 520.52 520.47 521 520.39 520.9 520.72 520.46 520.46 520.15 519.89 520.33 519.47 519.03 519.48 519.05 518.57 518.57 517.9 518.23 517.57 516.82
-9999 512.11 512.34 512.78 512.78 513.18 513.62 513.86 513.98 514.19 514.53 514.77 514.67 515.03 515.23 515.47 515.87 515.74 516.02 516.26 516.52 516.52 516.7 516.9 517.39 517.08 517.27 517.67 517.85 517.97 517.97 518.09 518.46 518.55 518.2 518.63 518.7 518.75 518.75 518.74 518.78 519.33 518.75 518.79 519.33 519.29 519.86 519.3 519.4 519.99 519.96 519.42 519.95 519.87 519.74 519.74 519.45 519.19 519.68 519.41 519.41 519.06 518.58 519.03 518.22 517.79 518.22 517.62 516.58 516.92 516.48 516.19
-9999 511.98 512.4 512.73 513.09 513.1 513.3 513.6 513.9 514.19 514.13 514.38 514.67 514.96 514.75 515.07 515.29 515.48 515.48 515.72 515.81 516.26 516.43 516.43 516.71 516.86 517.27 516.96 517.11 517.53 517.6 517.32 517.67 517.75 517.83 517.83 517.85 518.27 518.29 518.3 518.3 518.3 518.33 518.79 518.33 518.25 518.82 518.79 518.27 518.84 518.82 519.42 518.76 518.64 519.19 518.96 518.65 518.65 518.41 518.03 518.51 517.64 518.13 517.7 517.37 517.37 516.89 516.36 516.58 516.1 515.42 515.82
-9999 512.16 512.5 512.5 512.78 513.06 513.3 513.2 513.49 513.85 514.03 514.03 514.2 514.39 514.75 514.97 514.81 515.08 515.35 515.49 515.49 515.66 515.81 516.2 515.95 516.42 516.51 516.64 516.64 516.75 516.87 517.32 517.31 516.97 517.42 517.46 517.44 517.44 517.45 517.88 517.84 517.39 517.87 517.87 517.81 517.81 517.76 517.76 518.27 518.29 517.75 518.21 518.14 518.64 517.93 517.66 518.18 517.86 517.09 517.57 517.22 516.82 517.26 516.43 516.13 516.55 516 516 515.41 515.09 515.42 514.88
-9999 511.97 512.27 512.52 512.46 512.71 512.96 513.13 513.49 513.41 513.6 513.89 514.11 513.91 514.21 514.43 514.81 514.63 514.74 515.17 515.23 514.92 515.4 515.53 515.66 516.06 515.76 515.87 516.27 516.4 516.4 516.55 516.55 516.97 516.63 516.6 517.05 517.02 516.56 517.02 517.02 517 517.39 516.98 517.34 517.31 517.29 517.29 517.3 517.28 517.75 517.14 516.97 517.5 517.19 516.91 516.91 516.68 517.09 516.78 515.98 516.39 515.97 515.66 515.66 515.26 514.73 515.09 514.31 514.13 514.53 514.15
-9999 511.71 511.91 512.16 512.34 512.58 512.5 512.77 513.03 513.25 513.25 513.36 513.52 513.91 513.69 513.82 514.19 514.33 514.43 514.43 514.58 514.92 515.1 514.78 515.23 515.31 515.39 515.39 515.53 515.58 516.08 515.64 515.72 516.13 516.15 516.6 516.14 516.14 516.56 516.62 516.13 516.6 516.56 516.45 516.45 516.35 516.26 516.79 516.75 516.75 516.65 516.54 516.97 516.31 516.06 516.46 516.22 515.54 515.91 515.53 515.19 515.19 514.84 515.17 514.83 514.41 514.41 513.97 513.82 514.13 513.65 512.85
-9999 511.71 511.87 511.81 512.07 512.18 512.39 512.39 512.52 512.88 513.1 513.16 513.16 513.31 513.39 513.82 513.53 513.67 514.02 514.14 513.83 514.26 514.41 514.78 514.47 514.57 514.99 515.03 515.15 515.15 515.21 515.28 515.72 515.31 515.33 515.78 515.7 515.7 515.71 515.65 516.13 515.64 515.55 515.97 515.88 515.78 515.78 515.7 515.63 516.15 515.53 516.03 515.84 515.6 515.6 515.33 515.06 515.54 515.2 514.4 514.8 514.46 514.1 514.1 513.76 514.03 513.61 513.03 513.42 513.29 512.78 512.78
-9999 511.4 511.62 511.81 511.93 511.86 512.06 512.22 512.32 512.32 512.52 512.61 512.88 512.69 513.07 513.19 513.24 513.24 513.34 513.43 513.83 513.98 513.69 514.03 514.19 514.22 514.22 514.29 514.72 514.8 514.43 514.82 514.9 514.89 514.89 514.81 514.75 515.23 515.2 514.64 515.13 515.1 515.55 515.03 514.88 515.33 515.21 514.65 515.13 515.12 514.93 515.35 514.73 514.52 514.87 514.59 514.59 514.3 514.02 514.4 513.65 513.3 513.73 513.3 512.53 512.98 512.67 512.62 512.97 512.34 512.56 512.31
-9999 511.37 511.32 511.54 511.56 511.86 511.64 511.7 512 512.16 511.89 512.28 512.37 512.42 512.81 512.5 512.57 512.95 513.1 513.1 513.13 513.28 513.69 513.4 513.43 513.83 513.92 513.57 513.95 513.99 513.97 514.43 513.94 514.42 514.34 514.32 514.32 514.22 514.15 514.64 514.14 514.13 514.59 514.45 514.27 514.27 514.15 514.65 514.59 513.93 514.48 514.24 514.05 514.05 513.83 513.5 513.92 513.24 512.97 513.33 512.98 513.3 512.62 512.18 512.53 512.25 511.74 512.17 511.73 511.61 511.61 510.72
-9999 511.06 511.32 511.09 511.1 511.34 511.38 511.4 511.4 511.59 511.89 511.97 511.65 512.04 512.07 512.19 512.19 512.26 512.3 512.74 512.41 512.46 512.95 513.06 513.43 513.02 513.07 513.57 513.54 513.08 513.54 513.52 513.5 513.5 513.45 513.34 513.82 513.69 513.69 513.68 513.67 514.13 513.6 513.51 513.87 513.7 513.12 513.54 513.47 513.3 513.3 513.12 513.57 513.38 513.14 513.14 512.88 512.59 512.97 512.27 511.96 512.28 511.9 511.32 511.59 511.44 511.74 511.46 510.95 511.03 510.52 510.1
-9999 510.71 510.81 510.87 511.1 510.79 510.79 511.11 511.17 510.95 511.31 511.28 511.65 511.34 511.4 511.79 511.86 511.92 511.92 511.99 512.06 512.46 512.15 512.22 512.63 512.62 512.62 512.69 512.64 513.08 513.13 512.61 513.05 513.05 512.92 512.92 512.88 512.84 513.23 512.82 513.22 513.17 513.11 513.11 512.92 512.78 513.12 513.01 512.45 512.83 512.66 512.52 512.52 512.31 512.73 512.49 511.84 512.21 511.94 511.67 511.67 511.34 511.01 511.32 511.14 510.87 511.23 510.44 510.95 510.25 509.58 509.83
-9999 510.51 510.2 510.54 510.55 510.48 510.48 510.49 510.53 510.95 510.92 510.53 510.94 511.04 511.05 511.05 511.08 511.54 511.55 511.13 511.6 511.68 511.74 511.74 511.78 511.8 512.2 512.19 511.77 512.22 512.16 512.61 512.16 512.1 512.54 512.47 512.05 512.41 512.39 512.37 512.77 512.36 512.26 512.63 512.4 512.4 512.24 512.05 512.45 511.89 511.7 512.08 511.93 511.3 511.7 511.49 511.2 511.61 510.93 511.28 510.99 510.72 510.72 510.56 510.56 510.87 510.09 509.66 510.05 509.34 508.87 509.11
-9999 509.9 509.94 510.22 509.84 509.8 510.12 510.14 510.14 510.14 510.17 510.53 510.24 510.23 510.65 510.71 510.36 510.73 510.78 510.81 511.22 510.89 511.3 511.33 511.39 511.39 511.37 511.35 511.77 511.34 511.37 511.74 511.76 511.69 511.69 511.66 512.05 511.99 511.6 512.03 511.99 511.95 511.95 511.78 511.62 511.89 511.4 511.19 511.52 511.37 511.7 511.18 511 511.3 511.08 510.54 510.86 510.57 510.35 510.35 510.06 509.93 510.24 509.88 510.19 509.69 509.46 509.66 508.99 508.59 508.87 508.6
-9999 509.14 509.53 509.61 509.45 509.45 509.44 509.39 509.82 509.47 509.46 509.83 509.84 510.23 509.9 509.95 510.36 510.38 510.02 510.38 510.4 510.54 510.54 510.56 510.99 510.98 510.98 510.98 510.97 510.96 511.37 511.01 510.98 511.33 511.27 510.82 511.26 511.2 511.6 511.2 511.16 511.58 511.44 511.27 511.27 511.11 510.87 511.19 510.67 510.53 510.88 510.65 510.65 510.49 510.21 510.54 509.98 509.71 509.97 509.76 509.57 509.57 509.58 509.64 509.56 508.62 509.1 508.8 508.32 508.32 508.09 507.79
-9999 509.14 508.87 508.88 509.2 509.1 509.06 509.06 509.06 509.1 509.46 509.04 509.05 509.49 509.54 509.54 509.55 509.53 510.02 510.02 509.64 510.09 510.15 510.19 510.19 510.21 510.26 510.62 510.21 510.59 510.57 510.55 510.55 510.49 510.44 510.82 510.82 510.41 510.79 510.82 510.7 510.7 510.64 510.94 510.77 510.26 510.6 510.36 510.22 510.22 510.05 509.85 510.12 509.95 509.42 509.68 509.42 509.71 509.17 508.97 509.22 509.29 508.99 509.27 508.55 508.61 508.81 507.84 507.64 507.87 507.58 507.58
-9999 508.42 508.48 508.46 508.46 508.38 508.72 508.74 508.34 508.68 508.71 508.64 508.64 508.73 508.79 509.16 509.17 508.85 509.21 509.22 509.64 509.34 509.35 509.8 509.81 509.44 509.82 509.85 509.85 510.19 509.78 509.77 510.15 510.06 510.06 510.03 510.01 510.41 510.03 509.99 510.38 510.28 509.86 510.16 510.02 509.77 510.06 509.6 509.92 509.8 509.58 509.58 509.36 509.11 509.42 508.89 508.65 508.89 508.71 508.67 508.67 508.69 508.99 508.38 507.75 508.28 507.63 507.34 507.34 507.11 506.8 507.04
-9999 507.53 507.62 508.06 507.98 507.54 507.95 507.9 507.91 508.29 507.91 508.34 508.29 508.4 508.4 508.41 508.48 508.85 508.49 508.53 508.9 508.98 508.99 508.99 509.06 509.44 509.47 509.09 509.5 509.45 509.4 509.4 509.34 509.31 509.69 509.29 509.25 509.64 509.67 509.99 509.58 509.5 509.86 509.74 509.24 509.51 509.33 509.16 509.16 508.98 508.82 509.06 508.61 508.89 508.64 508.38 508.65 508.16 508.1 508.36 508.44 508.15 508.31 507.66 507.29 507.29 506.88 507.09 506.83 506.57 506.57 506.19
-9999 507.1 507.62 507.14 507.17 507.54 507.51 507.09 507.52 507.52 507.49 507.49 507.57 508.01 508.07 508.09 508.09 508.14 508.16 508.53 508.2 508.26 508.64 508.62 508.34 508.7 508.74 509.09 508.71 508.68 509.02 509 508.97 508.97 508.94 508.9 509.25 508.85 508.84 509.22 509.15 509.15 509.06 508.93 509.24 508.75 508.56 508.84 508.71 508.55 508.55 508.38 508.18 508.4 507.96 508.19 507.95 507.8 507.8 507.89 507.99 508.15 507.5 507.04 507.15 506.61 506.36 506.36 506.04 506.28 505.99 505.36
-9999 506.19 506.66 506.69 506.69 506.66 506.67 507.09 507.13 506.71 507.11 507.14 507.27 507.27 507.32 507.33 507.72 507.36 507.78 507.78 507.89 507.89 507.92 507.97 508.34 508.39 508.01 508.38 508.35 508.38 508.38 508.22 508.6 508.53 508.16 508.53 508.5 508.48 508.48 508.45 508.39 508.73 508.63 508.19 508.47 508.31 508.56 508.11 508.01 508.31 508.09 507.64 507.9 507.68 507.47 507.71 507.28 507.31 507.6 507.68 507.68 507.17 506.84 507.04 506.21 505.9 506.09 505.85 505.31 505.5 505.12 504.74
-9999 505.81 505.76 505.81 506.29 506.26 505.81 506.29 506.27 506.71 506.27 506.27 506.79 506.87 506.47 506.93 506.93 506.96 507.43 507.03 507.1 507.53 507.59 507.59 507.6 507.62 508.01 507.64 507.55 507.9 507.89 507.51 507.84 507.81 507.76 508.15 507.76 508.13 508.08 508.03 508.03 507.98 507.89 508.19 507.75 507.62 507.91 507.71 507.59 507.59 507.38 507.64 507.44 507.01 507.28 507 507.03 507.03 507.07 506.58 506.7 506.24 505.86 506.06 505.7 505.9 505.44 505.13 505.31 504.92 504.35 504.52
-9999 505.3 505.38 505.38 505.4 505.39 505.81 505.39 505.37 505.8 505.87 505.94 505.94 506.04 506.47 506.49 506.08 506.54 506.6 506.72 506.72 506.71 506.83 507.21 506.8 506.81 507.22 507.21 507.55 507.18 507.15 507.51 507.45 507.07 507.45 507.43 507.43 507.43 507.41 507.3 507.65 507.3 507.57 507.48 507.37 507.62 507.26 507.11 507.3 507.16 506.73 506.97 506.8 506.54 506.54 506.42 506.68 506.76 506.24 506.24 505.94 505.76 505.86 505.3 505.09 505.27 504.98 504.5 504.62 504.22 504.35 503.74
-9999 504.42 504.86 504.9 504.96 504.96 504.97 504.98 505.37 504.95 505.03 505.5 505.56 505.18 505.66 505.62 506.08 505.67 505.76 506.24 506.32 506.32 506.32 506.37 506.4 506.81 506.4 506.43 506.79 506.76 506.76 506.74 506.77 507.07 506.72 506.69 507.04 507.05 507.01 507.01 506.92 506.89 507.16 506.78 507.08 506.95 506.87 506.87 506.68 506.48 506.73 506.55 506.16 506.36 506.19 506.26 506.26 506.39 506.58 505.61 505.4 505.46 505.14 504.93 504.93 504.72 504.36 504.5 504.1 503.56 503.66 503.23
-9999 504.04 504.04 504.13 504.08 504.55 504.13 504.52 504.51 504.55 504.55 504.61 504.71 505.18 505.21 504.78 505.21 505.25 505.36 505.36 505.42 505.84 505.93 505.55 505.95 506 506.05 506.05 506.06 506.06 506.41 506.39 506.01 506.39 506.35 506.69 506.34 506.36 506.67 506.62 506.26 506.54 506.5 506.43 506.68 506.34 506.27 506.46 506.31 506.31 506.14 505.94 506.16 505.78 505.77 505.98 506.03 505.52 505.28 505.5 504.89 505.01 504.61 504.74 504.54 504.21 504.21 503.89 503.45 503.56 503.05 502.56
-9999 503.59 503.68 503.21 503.65 503.67 503.63 504.09 503.62 503.69 504.14 504.26 504.26 504.29 504.35 504.78 504.33 504.34 504.89 504.95 504.55 504.98 505.06 505.13 505.57 505.19 505.65 505.66 505.67 505.67 505.66 505.64 506.01 505.63 505.63 505.94 506.01 506 506 505.99 506.26 506.23 505.86 506.18 506.05 505.99 505.99 505.89 505.71 505.93 505.56 505.37 505.56 505.55 505.77 505.59 505.37 505.52 505.49 504.57 504.7 504.41 504.21 504.21 503.96 503.61 503.72 503.21 503.3 502.94 502.48 502.56
-9999 502.79 502.76 503.21 503.24 502.8 503.21 503.17 503.19 503.19 503.26 503.31 503.85 503.42 503.88 503.86 503.91 504.34 503.96 504.1 504.55 504.61 504.22 504.67 504.73 504.82 504.82 504.89 505.24 505.31 505.33 505.33 505.27 505.26 505.63 505.28 505.31 505.68 505.62 505.25 505.61 505.57 505.86 505.53 505.47 505.72 505.63 505.48 505.48 505.34 505.17 505.37 505.1 505.19 505.42 505.43 505.43 504.79 504.43 504.57 504.08 503.82 504.01 503.79 503.49 503.49 503.08 502.72 502.81 502.3 502.36 501.92
-9999 502.36 501.9 502.35 502.37 502.8 502.29 502.28 502.75 502.77 502.82 502.82 502.88 502.98 503.41 502.96 503.08 503.55 503.57 503.57 503.68 503.74 504.22 503.81 503.91 504.41 504.51 504.52 504.52 504.53 504.56 504.94 504.55 504.89 504.92 504.94 504.94 504.96 504.97 505.25 505.26 504.95 505.21 505.16 505.11 505.11 504.97 505.25 505.15 504.76 505.03 504.9 504.99 504.99 505.02 504.08 504.28 504.5 503.64 503.87 503.59 503.82 503.36 503.12 503.32 502.98 502.47 502.58 502.18 501.71 501.8 501.28
-9999 501.4 501.9 501.87 501.41 501.88 501.86 501.8 501.8 501.87 502.38 502.42 501.94 502.51 502.52 502.56 502.56 502.67 502.73 503.22 503.29 502.91 503.37 503.51 503.91 503.58 503.68 504.1 504.16 503.75 504.16 504.18 504.16 504.57 504.17 504.26 504.57 504.64 504.64 504.64 504.58 504.95 504.61 504.55 504.85 504.72 504.37 504.63 504.48 504.45 504.7 504.55 504.75 504.91 503.71 503.71 503.96 503.49 503.64 503.26 502.97 503.15 502.89 502.41 502.62 502.3 502.47 502.03 501.46 501.64 501.21 500.77
-9999 500.92 500.98 500.97 501.41 500.94 500.91 501.37 501.37 500.98 501.43 501.57 501.58 502.05 501.61 502.06 502.16 502.29 502.29 502.3 502.42 502.91 502.56 502.61 503.11 503.19 503.26 503.26 503.38 503.75 503.76 503.36 503.78 503.74 503.85 503.85 503.89 503.88 504.25 503.91 503.94 504.28 504.26 504.55 504.15 504.08 504.37 504.24 503.96 504.2 504.31 504.41 504.41 503.44 503.16 503.48 503.2 503.35 503.05 502.77 502.97 502.53 502.25 502.41 502.09 501.56 501.72 501.31 500.93 500.93 500.5 500.63
