data/realblocks/ka1.asc
NCOLS 100
NROWS 100
XLLCORNER 1506552
YLLCORNER 5533496
CELLSIZE 5
NODATA_VALUE -9999
[rows 0 to 31 of 100, columns 0 to 71 of 100]
-9999 -9999 -9999 -9999 -9999 -9999 -9999 -9999 -9999 -9999 -9999 -9999 -9999 -9999 -9999 -9999 -9999 -9999 -9999 -9999 -9999 -9999 -9999 -9999 -9999 -9999 -9999 -9999 -9999 -9999 -9999 -9999 -9999 -9999 -9999 -9999 -9999 -9999 -9999 -9999 -9999 -9999 -9999 -9999 -9999 -9999 -9999 -9999 -9999 -9999 -9999 -9999 -9999 -9999 -9999 -9999 -9999 -9999 -9999 -9999 -9999 -9999 -9999 -9999 -9999 -9999 -9999 -9999 -9999 -9999 -9999 -9999
-9999 517.25 517.33 517.71 517.82 517.55 517.78 517.86 518.26 517.81 517.73 518.15 518.43 518.09 518.6 518.74 518.85 518.85 519.13 519.63 520.1 520.68 520.68 521.24 521.99 522.17 522.55 523.11 523.34 523.84 524.2 524.41 524.84 525.34 525.34 525.73 525.86 526.34 526.66 526.66 527.04 527.48 527.54 527.86 528.14 528.15 528.5 528.71 528.67 528.91 528.87 529.07 529.23 529.19 529.32 529.47 529.47 529.6 529.77 529.68 529.86 529.92 529.93 530.02 530.02 530.18 530.31 530.33 530.41 530.48 530.51 530.58
-9999 517.01 517.01 517.02 517.15 517.55 517.11 517.01 517.36 517.26 517.26 517.4 517.56 518.09 518.23 517.9 518.35 518.63 519.11 519.11 519.83 520.64 520.98 521.38 521.69 522.37 522.81 522.81 523.4 523.95 524.2 524.71 525 525.14 525.63 526.08 526.08 526.44 526.56 526.99 527.2 527.27 527.79 528.15 528.14 528.42 528.72 528.71 528.96 529.22 529.12 529.32 529.23 529.46 529.62 529.55 529.67 529.86 529.82 529.95 530 529.92 530.12 530.26 530.2 530.32 530.32 530.46 530.51 530.48 530.63 530.67
-9999 516.53 516.62 516.34 516.71 516.79 516.6 517.01 516.42 516.36 516.84 517.06 516.65 517.24 517.38 517.9 517.62 518.17 518.64 519.46 519.71 520.21 521.03 521.81 522.07 522.4 522.87 523.14 523.78 523.78 524.31 524.68 525 525.27 525.67 525.83 526.31 526.71 526.71 527.05 527.51 527.58 527.85 528.06 528.42 528.7 528.7 528.94 529.22 529.22 529.41 529.54 529.55 529.59 529.79 529.79 529.97 529.86 530.02 530.16 530.13 530.22 530.34 530.34 530.42 530.57 530.47 530.68 530.7 530.66 530.72 530.67
-9999 515.76 515.76 515.85 516.33 515.87 516.22 516.05 515.85 515.85 515.94 516.07 516.65 516.23 516.41 517 517.45 518.37 518.37 519.32 519.71 520.63 521.1 521.46 522.12 522.69 522.69 523.08 523.66 524.04 524.19 524.76 525.02 525.4 525.67 525.84 526.39 526.54 526.91 527.21 527.27 527.73 528.18 528.18 528.53 528.85 528.96 529.18 529.18 529.41 529.67 529.54 529.87 530.01 529.92 530.06 530.29 530.19 530.33 530.43 530.43 530.57 530.44 530.54 530.69 530.69 530.74 530.8 530.7 530.79 530.77 530.76
-9999 515.3 514.9 515.34 515.46 515.29 515.29 514.98 514.82 515.36 515.49 515.49 515.61 515.86 516.41 516.22 517.31 517.84 518.82 519.25 519.75 520.68 521.46 521.46 522.16 522.36 522.79 523.31 523.31 523.98 524.42 524.76 524.91 525.49 525.66 526.1 526.41 526.56 527.01 527.21 527.54 527.76 527.94 528.4 528.76 528.76 529.07 529.39 529.43 529.64 529.93 529.89 530.06 530.06 530.33 530.49 530.29 530.43 530.75 530.56 530.66 530.77 530.77 530.81 530.9 530.86 530.96 530.87 530.87 530.83 530.83 530.75
-9999 514.38 514.9 515.04 514.58 514.96 514.72 514.37 514.37 514.32 514.49 514.97 514.63 515.19 515.8 516.57 516.57 517.45 518.54 519.25 520.09 520.49 521.06 521.85 522.36 522.36 522.75 523.12 523.71 523.87 524.16 524.68 525.22 525.49 525.67 526.19 526.41 526.76 526.96 527.24 527.6 527.76 528.11 528.52 528.66 529.1 529.35 529.33 529.72 530 529.93 530.18 530.49 530.43 530.64 530.64 530.81 530.89 530.75 530.95 530.98 530.87 530.9 531.07 530.96 531.03 531.08 530.95 530.99 530.88 530.85 530.73
-9999 513.39 514 514.1 514.58 514.1 513.85 514.04 513.88 513.45 513.95 514.16 514.6 515.16 515.19 516.21 516.95 517.86 517.86 519.12 520.08 520.49 520.93 521.58 521.99 522.54 522.9 522.9 523.55 524.09 524.39 524.56 524.91 525.36 525.89 525.89 526.37 526.85 526.96 527.23 527.7 527.89 528.3 528.88 528.88 529.15 529.35 529.69 529.9 529.98 530.24 530.52 530.52 530.81 531.09 530.92 531.17 531.28 531.07 531.12 530.98 531.15 531.15 531.07 531.11 531.22 531.16 531.06 530.91 530.91 530.79 530.65
-9999 513.39 513.06 513.33 513.74 513.59 513.26 513.26 513.05 513.45 513.62 513.41 513.97 514.56 515.49 515.49 516.58 517.53 518.37 518.59 519.6 520.2 521.05 521.58 521.84 522.29 522.59 523.11 523.21 523.67 524.28 524.77 524.77 525.3 525.86 526.07 526.61 526.61 527.01 527.56 527.7 527.92 528.46 528.61 529.02 529.26 529.36 529.74 530.1 530.1 530.43 530.51 530.9 531.33 531.33 531.45 531.58 531.28 531.58 531.55 531.34 531.26 531.47 531.28 531.32 531.22 531.15 531.14 531.01 530.85 530.74 530.74
-9999 512.48 512.7 513.33 512.99 512.78 513.02 512.74 512.24 512.59 512.78 513.32 513.32 514.02 514.7 515.66 516.73 516.73 517.79 518.96 519.6 519.97 520.79 521.39 521.87 522.01 522.36 522.96 523.21 523.94 524.1 524.39 525.08 525.64 525.64 526.03 526.62 526.85 527.02 527.28 527.79 528.15 528.15 528.59 528.98 529.26 529.53 529.88 529.95 530.63 531.26 531.26 531.77 531.55 531.84 532.2 531.81 531.82 531.76 531.76 531.74 531.69 531.47 531.46 531.54 531.37 531.26 531.14 531.07 530.85 530.78 530.61
-9999 511.41 512.27 512.5 512.58 512.58 512.2 511.88 512.24 512.38 512.25 512.75 513.34 514.04 514.04 515.17 515.94 517.09 517.25 518.06 519.13 520.2 520.79 521.1 521.69 522.01 522.56 522.83 523.12 523.81 524.1 524.35 524.94 525.28 525.77 526.03 526.25 526.76 527.21 527.57 527.76 528.1 528.43 528.85 528.85 529.22 529.73 529.88 530.5 531.23 531.26 531.89 532.27 532.27 532.53 532.47 532.12 532.31 532.04 531.93 531.92 531.92 531.82 531.65 531.54 531.52 531.35 531.2 530.94 530.73 530.73 530.48
-9999 511.18 512.06 511.71 511.59 511.94 511.59 511.59 511.4 511.63 512.25 512.06 512.75 513.35 514.41 515.31 515.31 516.56 517.74 518.32 518.82 519.62 520.57 521.28 521.28 521.86 522.44 522.83 522.94 523.53 524 524.56 525.16 525.16 525.66 526.03 526.46 526.63 526.94 527.44 527.9 527.9 528.24 528.73 529.02 529.18 529.9 530.22 531.04 531.23 531.66 532.26 532.27 532.65 532.81 532.74 532.62 532.41 532.41 532.28 532.26 532.05 531.87 531.87 531.7 531.54 531.35 531.31 531.04 530.9 530.64 530.52
-9999 510.58 510.88 511.2 511.2 510.92 510.67 511.05 511.16 511.04 511.65 512.12 512.75 512.79 513.74 514.5 515.65 516.07 516.81 518.15 519.43 519.43 520.35 521.11 521.5 522.05 522.05 522.57 523.2 523.53 523.78 524.31 524.73 525.21 525.39 525.79 526.22 526.74 526.74 527.23 527.59 528.03 528.37 528.37 528.86 529.49 529.9 530.08 530.99 531.35 532.03 532.27 532.43 532.73 532.81 532.78 532.73 532.63 532.47 532.43 532.43 532.5 532.24 531.94 531.92 531.65 531.53 531.23 531.23 530.91 530.59 530.52
-9999 509.48 509.92 510.5 510.54 510.27 510.27 510.21 510.56 511.04 511.15 511.8 512.26 513.11 513.11 514.18 515.54 516.07 517.51 518.07 518.59 519.83 520.75 520.75 521.38 521.83 522.2 522.5 522.83 523.38 524 524 524.47 525.04 525.39 525.97 526.08 526.42 526.85 527.43 527.43 527.77 528.16 528.56 528.66 529.02 529.73 530.4 530.99 531.06 531.88 532.27 532.63 532.52 532.67 532.7 532.73 532.66 532.58 532.55 532.68 532.75 532.53 532.13 531.82 531.65 531.56 531.19 531.06 530.71 530.71 530.32
-9999 509.02 509.4 509.4 509.47 509.83 509.73 509.71 510.08 510.66 511.35 511.8 512.01 513.12 513.56 514.85 515.48 516.07 517.33 518.07 518.63 519.78 520.27 520.86 521.11 521.52 522.12 522.71 523 523.28 523.79 524.07 524.71 524.71 525.15 525.68 526.08 526.05 526.61 526.95 527.48 527.55 527.89 528.42 528.84 529.28 529.4 529.89 530.52 531.14 531.14 531.76 532.16 532.52 532.31 532.32 532.54 532.5 532.53 532.53 532.7 532.75 532.38 532.05 531.97 531.62 531.3 531.3 530.93 530.5 530.42 530.06
-9999 507.9 508.53 508.82 508.91 508.91 509.12 509.75 510.17 510.28 510.83 511.6 512.48 512.48 513.72 514.86 515.48 516.06 517.26 517.84 519.14 520.03 520.03 520.71 521.11 521.69 521.94 522.35 522.84 523.45 523.45 523.92 524.52 524.8 525.02 525.52 525.78 526.37 526.61 526.85 527.28 527.55 528.06 528.18 528.49 528.96 529.4 529.4 529.95 530.39 531.05 531.62 531.62 531.89 532.02 532.32 532.02 532.13 532.33 532.49 532.29 532.48 532.13 531.77 531.77 531.47 531.41 531.01 530.61 530.61 530.16 529.64
-9999 507.9 507.67 507.77 508.32 508.59 508.6 509.12 509.72 510.51 510.51 511.43 512.48 513.06 514.19 514.19 515.56 516.8 517.26 518.04 519.27 519.63 520.33 520.67 521.02 521.52 522.21 522.21 522.79 523.07 523.64 524.22 524.22 524.74 525.26 525.52 525.69 526.16 526.58 526.93 527.09 527.43 527.85 528.18 528.56 528.74 529.06 529.53 530.04 530.04 530.4 530.89 531.38 531.21 531.4 531.72 531.78 531.78 531.96 532.07 532.29 532.07 531.73 531.8 531.5 531.15 531.15 530.79 530.34 530.23 529.83 529.78
-9999 507.17 507.25 507.25 507.62 508.12 508.6 509.22 509.67 510.05 510.92 512.06 512.06 513.29 514.56 515.02 515.95 516.26 517.63 518.72 518.72 519.67 520.33 520.67 521.25 521.47 521.89 522.45 523.09 523.09 523.57 523.81 524.38 524.65 524.94 525.37 525.79 526.16 526.23 526.78 527.09 527.45 527.59 527.99 528.37 528.74 528.91 529.32 529.59 530.01 530.12 530.45 530.77 531.05 531.4 531.28 531.38 531.75 531.83 531.83 531.83 531.63 531.73 531.38 531.19 531.18 530.82 530.5 530.44 529.92 529.42 529.28
-9999 506.4 506.68 507.19 507.77 507.97 508.45 509.19 509.67 510.08 511.07 511.4 512.75 513.74 514.05 515.4 516.8 517.16 517.81 518.82 519.29 520.06 520.06 520.56 521.13 521.47 521.76 522.33 522.66 523.18 523.36 523.74 524.2 524.68 525 525.1 525.54 525.9 526.33 526.33 526.84 527.21 527.59 527.67 528.13 528.47 529.01 529.38 529.38 529.75 530.12 530.5 530.44 530.75 530.94 531.17 531.17 531.28 531.38 531.6 531.36 531.18 531.3 531.1 531.19 530.88 530.57 530.5 530.01 529.57 529.49 528.96
-9999 506.43 506.43 506.87 507.69 507.97 508.36 509.43 509.71 510.7 511.89 511.89 513.22 513.74 515.08 515.92 516.29 517.33 518.4 518.4 519.39 519.97 520.29 520.51 521 521.3 521.93 522.33 522.6 523.09 523.36 523.89 524.03 524.39 524.83 525.28 525.28 525.63 526.13 526.51 526.91 526.91 527.34 527.77 528.13 528.14 528.59 529.07 529.39 529.39 529.79 530.1 530.46 530.46 530.75 530.91 531.06 531.11 531.11 531.15 531.04 531.18 530.89 530.73 530.85 530.59 530.24 530.18 529.68 529.57 529.1 528.5
-9999 506.23 506.61 507.26 507.26 508.03 509.01 509.43 510.12 511.15 511.56 512.71 513.53 513.96 515.35 515.92 516.53 517.53 517.99 518.84 519.61 519.61 520.27 520.75 521 521.15 521.84 522.21 522.76 522.76 523.15 523.72 524.03 524.5 524.58 524.93 525.33 525.84 525.84 526.23 526.61 526.96 526.97 527.4 527.74 528.23 528.23 528.66 529.03 529.39 529.78 529.76 530.11 530.5 530.75 530.75 530.76 530.96 530.92 530.65 530.88 530.73 530.57 530.57 530.43 530.21 530.24 529.71 529.22 529.15 528.58 528.5
-9999 505.94 506.61 507.48 507.8 508.5 508.81 509.89 511.01 511.01 512.04 513.37 513.53 515.08 515.88 516.24 517.16 518.03 518.03 518.92 519.22 519.93 520.15 520.43 520.92 521.45 521.84 521.96 522.44 522.83 523.34 523.41 523.79 524.26 524.58 524.61 525.08 525.39 525.9 525.85 526.24 526.62 527.03 527.32 527.38 527.85 528.23 528.63 528.63 528.98 529.4 529.76 529.67 530.12 530.44 530.63 530.4 530.56 530.5 530.32 530.52 530.16 530.36 530.22 530.06 530.06 529.83 529.29 529.22 528.61 528 528.03
-9999 506.37 506.96 507.23 508.17 509.31 509.64 510.43 511.53 511.8 513.12 513.12 514.15 515.52 515.88 516.36 517.25 517.55 518.46 519.32 519.32 519.87 520.33 520.57 520.75 521.1 521.54 522.13 522.13 522.53 522.99 523.41 523.42 523.99 524.3 524.72 525.1 525.1 525.52 525.85 526.25 526.32 526.58 527 527.4 527.4 527.8 528.2 528.64 528.6 528.94 529.34 529.69 530.12 529.97 530.18 530.4 530.33 530.02 530.16 529.98 529.81 529.81 529.66 529.45 529.67 529.38 529.38 528.67 528.03 528 527.4
-9999 506.59 506.96 507.8 508.68 508.87 510.21 511.31 511.31 512.64 513.8 513.92 514.79 515.75 516.06 516.94 517.25 517.65 518.4 518.9 519.51 519.7 520 520.48 520.99 520.99 521.43 521.92 522.26 522.63 522.63 523.06 523.56 523.99 524 524.4 524.72 525.09 525.09 525.5 525.85 526.27 526.27 526.67 527.02 527.42 527.79 527.79 528.11 528.52 528.94 528.88 529.22 529.64 529.88 529.71 529.94 529.87 530.02 529.63 529.42 529.62 529.4 529.24 529.24 528.96 528.57 528.71 527.98 527.32 527.38 526.74
-9999 507.07 507.36 508.35 508.68 509.51 510.76 511 512.33 513.49 513.49 514.56 515.46 515.75 516.31 517 517.3 518.07 518.07 518.84 519.43 519.7 520.22 520.34 520.63 521.12 521.56 521.56 522.02 522.43 522.72 522.9 523.15 523.67 524.01 524.01 524.39 524.78 525.09 525.48 525.47 525.84 526.22 526.6 526.6 526.94 527.43 527.71 527.6 528.05 528.39 528.83 528.83 529.1 529.27 529.71 529.64 529.24 529.49 529.26 529.42 529.06 528.84 529.02 528.76 528.19 528.37 527.83 527.23 527.32 526.56 525.88
-9999 507.07 508.21 508.88 509.3 510.42 511.6 511.6 512.9 513.31 514.2 515 515.28 516.11 516.77 517 517.45 518.07 518.5 519.11 519.3 519.61 519.96 520.34 520.44 520.91 521.3 521.71 521.76 522.09 522.55 522.99 523.32 523.32 523.6 523.99 524.41 524.41 524.72 525.11 525.47 525.42 525.68 526.11 526.47 526.37 526.82 527.04 527.31 527.96 527.66 528.34 528.59 528.87 528.87 528.93 528.93 529.24 528.79 528.65 528.86 528.64 528.42 528.42 528.09 528.19 527.7 526.99 527.13 526.47 525.78 525.78
-9999 507.76 508.84 508.88 509.89 510.87 511.27 512.53 513.64 513.64 514.67 515.53 515.78 516.11 516.48 517.18 517.69 517.69 518.32 518.9 519.3 519.4 519.75 520.03 520.49 520.9 520.9 521.34 521.76 522.14 522.11 522.54 522.99 523.28 523.28 523.69 524.02 524.4 524.32 524.64 525.03 525.36 525.68 525.64 525.95 526.37 526.65 526.42 526.89 527.15 527.5 527.5 527.8 527.99 528.49 528.53 528.53 528.45 528.35 528.65 528.2 528.02 528.27 528.01 527.47 527.52 526.92 526.31 526.31 525.55 525.73 525.1
-9999 508.36 509.34 509.69 510.65 510.87 511.88 512.96 513.14 514.3 514.75 515.17 515.79 516.48 516.48 517 517.47 518.02 518.51 518.51 518.97 519.42 519.75 519.73 520.23 520.6 520.97 521.07 521.42 521.86 522.19 522.19 522.57 522.94 523.21 523.66 523.66 523.9 524.22 524.64 524.47 524.7 525.19 525.47 525.27 525.75 525.93 526.42 526.62 526.37 526.94 527.16 527.49 527.49 527.64 527.62 528.09 527.56 527.39 527.83 527.73 527.73 527.48 527.35 527.47 526.84 525.99 526.15 525.4 524.76 524.76 524.1
-9999 509.05 509.34 510.35 511.35 511.48 512.71 512.71 513.69 514.43 514.75 515.56 515.77 516.12 516.67 517.15 517.15 517.73 518.22 518.6 518.7 519.08 519.5 519.84 519.84 520.35 520.7 521.07 521.44 521.42 521.82 522.15 522.48 522.48 522.75 523.16 523.47 523.37 523.75 524.09 524.25 524.25 524.51 524.82 525.27 525.5 525.24 525.65 525.89 526.37 526.19 526.39 526.93 527.06 526.61 527.12 527.07 526.94 527.39 526.85 526.71 527.18 526.97 526.97 526.51 525.86 525.99 525.06 524.34 524.54 523.9 523.09
-9999 508.84 510.05 511.05 511.35 512.12 513.18 513.33 514.3 514.7 514.99 515.51 515.77 516.11 516.64 516.83 517.41 517.64 517.85 518.38 518.86 519.19 519.21 519.54 519.96 520.32 520.32 520.75 521.13 521.42 521.37 521.69 522.09 522.43 522.3 522.7 522.91 523.16 523.57 523.27 523.8 524.05 524.31 524.31 524.56 524.67 525.24 524.81 525.03 525.66 525.88 525.98 525.98 526.05 526.61 526.53 525.88 526.41 526.3 526.2 526.2 526.03 525.78 526.19 525.36 524.71 524.91 524.19 524.34 523.45 522.82 523.09
-9999 509.68 510.38 510.76 511.83 512.86 512.86 513.73 514.4 514.7 515.05 515.63 515.83 516.41 516.82 516.82 517.33 517.64 518.1 518.18 518.48 518.92 519.26 519.26 519.62 520.03 520.35 520.35 520.59 521.03 521.29 521.69 521.55 521.8 522.3 522.51 522.24 522.73 522.85 523.08 523.08 523.3 523.37 523.93 524.11 524.11 524.25 524.42 525.03 524.59 524.8 525.42 525.52 524.96 525.54 525.42 525.27 525.27 525.16 525.69 525.55 525.3 525.3 524.95 524.37 524.71 523.68 523.06 523.24 522.59 521.76 521.98
-9999 510.13 511.09 511.09 512.28 512.57 513.53 514.16 514.16 514.81 515.37 515.63 515.9 516.28 516.53 517.06 517.12 517.45 517.91 518.18 518.17 518.47 518.93 519.26 519.58 519.58 519.98 520.26 520.59 520.53 520.77 521.15 521.35 521.35 521.58 521.78 522.24 522.42 522.13 522.57 522.72 522.91 522.91 523.12 523.25 523.72 523.37 523.85 524 524.13 524.13 524.31 524.34 524.96 524.88 524.26 524.8 524.66 524.52 524.52 524.3 524.83 524.49 523.53 523.95 523.39 522.78 522.78 522.22 521.53 521.76 521.25
