data/realblocks/ka1.asc
NCOLS 100
NROWS 100
XLLCORNER 1506552
YLLCORNER 5533496
CELLSIZE 5
NODATA_VALUE -9999
[rows 64 to 95 of 100, columns 0 to 71 of 100]
-9999 500.48 500.01 500.53 500.5 500.5 500.91 500.45 500.47 500.98 501.04 500.61 501.09 501.14 501.17 501.17 501.28 501.8 501.86 501.95 501.95 502.03 502.17 502.61 502.22 502.35 502.82 502.91 502.46 502.94 502.92 503.36 502.96 502.98 503.4 503.47 503.55 503.55 503.55 503.59 503.94 503.58 503.56 503.87 503.79 503.79 503.71 503.71 503.96 503.87 504.08 504.22 503.44 502.99 502.99 503.24 502.72 502.87 502.44 502.58 502.32 502.09 502.09 501.75 501.41 501.56 501.18 500.64 500.76 500.37 499.87 499.87
-9999 499.59 499.61 500.03 499.56 499.5 499.95 499.95 499.95 500.03 500.07 500.61 500.18 500.19 500.66 500.79 500.9 500.9 501.03 501.1 501.55 501.25 501.69 501.78 501.91 501.91 501.94 502 502.46 502.51 502.08 502.5 502.56 502.64 502.64 502.72 503.13 503.18 502.83 503.21 503.25 503.22 503.22 503.15 503.09 503.39 503.45 503.42 503.65 503.87 504.08 503.28 502.85 502.95 503.05 502.38 502.51 502.25 501.97 502.14 501.71 501.45 501.6 501.26 501.26 500.87 500.53 500.64 500.12 499.62 499.78 499.26
-9999 498.61 499.07 499.1 499.06 499.06 498.99 498.95 499.47 499.53 499.09 499.65 499.71 500.19 499.78 499.86 500.41 500.52 500.11 500.61 500.71 500.83 501.32 500.96 501.04 501.5 501.57 501.57 501.6 501.65 502.08 501.66 501.66 502.16 502.21 501.85 502.32 502.38 502.47 502.85 502.51 502.89 502.8 502.74 502.74 502.89 503.14 503.42 503.5 502.26 502.66 502.82 502.15 502.51 502.15 502.38 502.09 501.63 501.82 501.51 501.28 501.28 500.98 500.61 500.74 500.26 499.82 499.98 499.49 499.62 499.06 498.62
-9999 498.12 498.62 498.14 498.65 498.54 498.42 498.42 498.48 498.54 499.09 498.67 498.74 499.28 499.36 499.46 499.46 499.63 500.11 500.27 499.89 500.34 500.51 500.6 500.6 500.67 500.75 501.16 500.71 500.71 501.2 501.25 501.66 501.25 501.38 501.85 501.93 501.54 502.01 502.04 502.05 502.05 502.05 502.29 502.6 502.56 502.87 502.9 502.38 502.26 502.31 502.02 502.15 501.88 501.41 501.7 501.44 501.17 501.17 500.86 501.04 500.81 500.46 500.46 500.11 499.72 499.82 499.3 498.85 498.98 498.47 498.47
-9999 497.69 497.66 497.68 497.68 497.48 497.98 497.94 498.01 498.01 498.08 498.23 498.74 498.3 498.42 498.92 499.08 498.69 499.25 499.37 499.89 499.54 499.63 500.14 500.23 500.27 500.27 500.31 500.31 500.71 500.32 500.35 500.81 500.86 500.86 500.99 501.09 501.54 501.09 501.18 501.59 501.69 501.91 501.91 502.24 501.79 502.8 501.67 501.91 502 501.44 501.44 501.3 501.16 501.41 501.15 500.66 500.95 500.65 500.37 500.37 500.08 500.3 499.93 499.36 499.56 499.15 498.73 498.73 498.33 497.8 497.86
-9999 497.2 496.6 497.13 497.02 496.87 496.87 496.84 496.95 497.54 497.16 497.68 497.78 497.87 497.87 498.04 498.14 498.69 498.88 498.49 499.05 499.16 499.27 499.27 499.37 499.78 499.82 499.43 499.9 499.86 499.88 499.88 499.94 500 500.47 500.58 500.12 500.6 500.66 501.18 500.84 501.09 501.5 501.76 500.93 501.75 501.43 501.08 501.58 500.65 500.57 500.94 500.84 500.84 500.66 500.39 500.66 500.15 499.91 500.16 499.87 499.38 499.58 499.23 498.79 498.98 498.45 498.55 498.15 497.7 497.7 497.22
-9999 496.09 496.6 496.08 495.98 496.43 496.3 495.82 496.31 496.54 496.75 497.24 496.87 496.95 497.47 497.67 497.67 497.79 497.94 498.49 498.1 498.22 498.78 498.84 498.38 498.94 498.94 498.97 499.47 498.97 499.44 499.43 499.52 499.52 499.55 499.59 500.12 499.64 499.92 500.4 500.63 500.19 500.8 500.32 500.93 501.05 500.18 500.49 500.29 500.19 500.19 500.11 499.91 500.3 499.67 499.46 499.82 499.57 499.91 499.3 499.03 499.38 499.05 498.52 498.64 498.29 497.93 497.93 497.48 497.04 497.17 496.6
-9999 495.02 495.58 495.48 495.98 495.44 495.3 495.82 495.94 495.56 496.14 496.3 496.41 496.41 496.53 496.62 497.21 496.76 497.3 497.52 497.69 498.22 497.81 497.87 498.38 498.46 498.03 498.48 498.53 498.45 498.45 498.47 498.98 499.05 498.52 499.04 499.16 499.48 499.92 499.79 499.72 500.19 500.06 499.68 500.27 499.73 500.18 499.55 499.49 499.88 499.74 499.57 499.57 499.35 499.12 499.46 498.89 498.59 498.95 498.69 498.69 498.47 498.21 498.52 497.91 497.61 497.81 497.38 496.89 496.89 496.42 496.01
-9999 495.02 494.55 494.48 495.01 494.84 494.31 494.85 495.08 495.56 495.27 495.42 495.88 496.01 496.06 496.06 496.23 496.39 496.94 496.53 496.63 497.2 497.33 497.33 497.42 497.45 498.03 497.5 497.4 497.98 497.9 497.95 497.95 497.95 498.17 498.67 498.43 498.97 499.29 498.82 498.82 499.12 499.31 499.68 499.33 498.79 499.17 499.1 499.05 499.05 498.96 499.26 499.04 498.52 498.83 498.6 498.31 498.31 498.02 497.81 498.12 497.86 497.41 497.67 497.38 497.61 496.99 496.57 496.76 496.26 495.71 495.83
-9999 493.96 494.03 494.03 493.92 493.8 494.31 494.48 494.13 494.67 494.86 495 495 495.08 495.58 495.68 495.27 495.83 495.92 496.13 496.13 496.24 496.3 496.9 496.9 496.4 496.95 496.87 497.4 496.82 496.75 497.31 497.35 497.07 497.64 497.93 498.25 498.83 497.9 498.43 498.83 498.77 498.77 498.56 498.41 498.79 498.32 498.27 498.67 498.54 498.07 498.42 498.19 497.98 498.28 497.73 498.03 497.76 497.51 497.51 497.3 497.11 497.41 496.92 496.62 496.84 496.43 495.86 496 495.58 495.71 495.26
-9999 493.01 493.05 493.5 493.38 493.38 493.34 493.48 494.13 493.76 493.88 494.49 494.53 494.11 494.67 494.76 494.83 495.4 494.98 495.52 495.72 495.74 495.74 495.85 495.94 496.4 495.84 495.76 496.27 496.12 496.1 496.1 496.44 497.07 497.42 497.04 497.63 497.56 497.93 497.93 497.87 497.88 498.21 497.78 497.68 497.94 497.91 498.27 497.85 497.76 498.07 497.89 497.39 497.67 497.41 497.14 497.14 496.87 496.67 497.01 496.47 496.83 496.61 496.4 496.62 496.04 495.65 495.86 495.41 494.87 495.05 494.61
-9999 492.57 492.57 492.5 492.42 492.87 492.39 492.97 493.1 493.39 493.88 493.47 493.61 494.11 494.21 493.81 494.34 494.43 494.54 494.54 494.68 495.23 495.31 494.82 495.36 495.35 495.25 495.76 495.09 495 495.54 495.84 495.68 496.22 496.44 497.04 496.07 496.66 497.47 497.46 497.56 497.56 497.53 497.46 497.68 497.41 497.38 497.57 497.54 497.54 497.36 497.19 497.39 496.94 496.61 496.87 496.6 496.39 496.39 496.21 496.01 496.31 495.8 496.13 495.78 495.5 495.5 495.06 494.76 494.87 494.46 493.97
-9999 492.11 492.09 492 492 491.86 491.95 492.56 492.19 492.37 492.99 493.08 493.08 493.19 493.26 493.81 493.39 493.42 494 494.12 494.18 494.18 494.32 494.36 494.84 494.29 494.73 494.59 494.51 494.51 494.8 495.12 495.68 495.72 494.84 495.39 495.98 496.54 496.54 496.78 497.26 497.23 496.97 497.26 497.17 497.14 497.14 497.16 497.04 497.21 497.03 496.66 496.76 496.52 496.61 496.22 496 496.17 495.99 495.7 495.79 495.64 495.43 495.43 495.07 494.85 494.86 494.56 494.56 494.28 493.86 493.97
-9999 491.16 491.12 491.53 491.42 490.8 491.35 491.55 491.76 491.76 491.99 492.08 492.65 492.7 492.23 492.8 492.95 493.42 493.02 493.17 493.69 493.78 493.3 493.81 493.78 493.65 494.1 493.52 493.76 494.25 494.58 494.58 494.72 494.15 494.84 494.71 495.01 495.81 496.07 495.57 496.12 496.22 496.3 496.86 496.18 496.76 496.64 496.66 496.66 496.5 496.51 496.66 496.25 496.08 496.14 495.86 495.56 495.69 495.55 495.7 495.55 495.14 495.27 495.04 494.72 494.72 494.48 494.18 494.17 493.89 493.53 493.5
-9999 490.62 490.04 490.5 490.32 490.3 490.87 490.56 491.17 491.35 491.53 491.53 491.62 491.72 492.23 491.8 491.98 492.47 492.57 492.71 492.71 492.75 493.3 493.29 492.6 493.15 493.03 493.2 493.2 493.57 493.6 494 493.44 493.71 494.1 494.47 495.01 494.7 494.9 495.57 495.61 495.09 495.76 495.84 495.78 495.78 495.51 495.97 495.94 495.53 496 495.63 495.57 496.08 495.54 495.21 495.56 495.36 494.74 495.14 494.96 495.14 494.73 494.54 494.75 494.39 494.11 494.11 493.91 493.57 493.53 493.11
-9999 489.61 490.04 489.88 489.3 489.81 489.9 490.22 490.22 490.42 491.02 491.04 490.58 491.1 491.21 491.36 491.98 491.54 491.6 492.14 492.25 491.78 492.25 492.15 492.6 492.01 492.15 492.73 492.95 492.9 492.9 492.6 493.12 493.67 493.26 493.55 494.12 494.38 494.38 494.56 494.67 495.09 494.72 494.72 495.11 495.1 495 495 494.96 494.62 495.3 494.51 494.91 494.92 494.78 494.78 494.48 494.25 494.74 494.48 493.68 494.15 494.03 493.59 493.59 493.55 494.18 493.76 492.61 493.25 492.9 492.43
-9999 -9999 489.07 488.93 489.3 488.81 488.96 489.62 489.85 490 490 490.1 490.1 490.65 490.3 490.88 490.98 491.1 491.1 491.15 491.2 491.78 491.65 490.97 491.48 491.65 491.85 491.85 492.24 492.47 492.24 492.14 492.6 492.7 492.99 492.99 493.26 493.54 494.03 494.22 493.86 494.27 494.33 494.72 494.3 494.26 494.6 494.47 494.04 494.4 494.22 494.01 494.01 493.81 493.62 493.97 493.75 493.75 493.59 493.36 493.68 492.94 493.04 493.33 492.93 492.21 492.74 492.23 491.76 492.21 491.32 491.88
-9999 488.69 488.53 487.97 488.37 488.47 488.96 488.69 488.99 489.52 489.55 489.11 489.6 489.73 489.87 490.42 489.96 490.08 490.61 490.64 490.64 490.63 490.53 490.97 490.59 490.81 491.32 491.96 490.77 491.2 491.61 491.67 492.2 491.92 492.42 492.69 492.98 492.98 493.25 493.4 493.86 493.5 493.55 493.92 493.88 493.45 493.8 493.7 494.04 493.93 493.44 493.76 493.53 493.29 493.29 493.08 492.84 493.14 492.59 492.35 492.71 492.52 493.04 492.29 491.94 492.21 491.85 491.18 491.49 491.02 490.74 490.74
-9999 487.71 487.55 487.97 487.43 487.54 488.15 488.44 488.99 488.56 488.64 489.11 489.19 488.78 489.33 489.49 489.55 489.55 489.67 489.66 490.14 489.59 490.06 490.09 490.27 490.81 490.49 490.23 490.77 490.9 490.63 491.17 491.42 491.67 491.67 491.91 492.41 492.68 492.28 492.85 493 493.05 493.55 493.06 493.05 493.45 493.38 492.95 493.29 493.15 493.44 492.95 492.74 492.98 492.73 492.52 492.52 492.3 492.01 492.35 491.79 491.63 491.93 491.68 491.68 491.35 490.96 491.18 490.57 490.22 490.53 490.16
-9999 487.16 487.16 487 487.03 487.54 487.26 487.54 488.07 488.21 487.76 488.23 488.3 488.78 488.43 488.54 489.06 489.18 489.23 489.23 489.08 489.15 489.62 489.29 489.16 490.08 489.46 489.46 489.92 490.11 490.63 490.37 490.65 491.17 491.43 491.64 491.64 491.8 491.9 492.45 492 492.54 492.57 492.57 492.57 492.56 492.53 492.95 492.83 492.3 492.64 492.43 492.19 492.19 491.96 492.2 491.99 491.5 491.75 491.49 491.3 491.3 491.09 490.83 491.12 490.67 490.1 490.35 489.97 490.22 489.65 489.36
-9999 486.19 486.58 486.02 486.5 486.67 486.96 486.96 487.15 487.25 487.76 487.79 487.36 487.9 488.04 488.14 488.14 488.24 488.75 488.65 488.19 488.67 488.77 488.79 488.79 488.6 488.94 489.39 489.61 489.39 489.91 490.19 490.65 490.42 490.64 491.09 491.23 490.82 491.33 491.45 491.47 492.08 491.58 491.63 492.12 492.11 492.11 492.09 491.95 492.3 491.72 491.49 491.85 491.64 491.03 491.37 491.18 490.94 491.29 490.71 491.02 490.8 490.55 490.55 490.26 489.9 490.1 489.52 489.17 489.43 489.07 488.5
-9999 485.81 485.64 485.57 486.12 485.75 486.04 486.54 486.75 486.75 486.78 486.82 487.36 486.95 487.05 487.59 487.75 487.26 487.74 487.75 487.81 488.3 488.08 488.39 487.93 488.37 488.37 488.66 488.87 489.39 489.13 489.37 489.93 490.15 489.76 490.3 490.36 490.82 490.9 490.41 490.97 490.97 491.03 491.03 491.1 491.1 491.66 491.04 490.82 491.33 491.1 491.49 490.86 490.6 491.03 490.76 490.13 490.57 490.34 490.11 490.11 489.93 489.62 489.94 489.31 489.57 489.25 488.87 489.17 488.55 488.22 488.5
-9999 485.27 484.75 485.15 485.19 485.46 485.46 485.63 485.78 486.28 485.8 486.29 486.41 486.51 487.05 486.64 486.73 487.26 487.2 486.82 487.31 487.46 487.29 487.29 487.32 487.81 488.14 487.92 488.39 488.66 488.89 489.37 489.07 489.23 489.76 489.84 489.36 489.87 489.9 490.41 489.96 490.02 490.56 490.58 490.58 490.58 490.54 490.38 490.82 490.24 490.05 490.41 490.2 490.2 489.93 489.69 490.13 489.45 489.32 489.75 489.51 489.26 489.26 488.97 488.58 488.94 488.19 488.57 488.25 487.91 487.91 487.51
-9999 484.42 484.75 484.3 484.39 484.87 485.09 485.29 485.29 485.29 485.35 485.85 485.44 485.58 486.1 486.18 486.18 486.21 486.34 486.82 486.41 486.4 486.85 486.97 487.41 487.41 487.48 487.7 488.19 487.84 488.35 488.56 488.76 488.76 488.81 488.84 489.36 489.4 488.96 489.47 489.51 489.54 489.54 489.57 490.09 490.03 489.4 489.94 489.79 489.68 489.68 489.47 489.25 489.57 489.32 488.76 489.1 488.95 489.32 488.74 488.54 488.9 488.61 487.96 488.23 487.86 487.52 487.52 487.19 486.93 487.19 486.85
-9999 483.6 483.93 483.91 484.07 484.07 484.25 484.75 484.86 484.39 484.86 484.88 485.06 485.06 485.14 485.28 485.77 485.82 485.46 485.97 486.02 486.4 485.86 486.66 487.22 487.11 486.86 487.26 487.36 487.51 488.09 487.63 487.73 488.27 488.34 488.34 488.4 488.45 488.96 488.49 488.49 489.03 489.04 488.46 488.99 488.91 488.82 489.32 488.77 489.24 489.09 488.9 488.9 488.67 488.43 488.76 488.21 487.97 488.38 488.23 487.58 488.01 487.7 487.96 487.65 487.03 487.28 486.95 486.63 486.63 486.31 485.98
-9999 483.6 483.11 483.08 483.56 483.76 483.42 483.91 483.97 484.39 484.38 483.98 484.44 484.68 484.76 484.76 484.92 485.03 485.46 485.22 485.07 485.42 486.07 486.07 486.25 486.43 486.86 487.01 486.67 487.09 487.17 487.23 487.23 487.32 487.41 487.89 487.44 487.96 488.02 488.02 488.49 487.97 488 488.46 488.42 487.84 488.33 488.25 488.22 488.22 488.15 488.55 488.3 487.72 488.04 487.8 487.59 487.97 487.36 487.17 487.58 487.37 486.61 487.05 486.72 487.03 486.41 486.03 486.32 486.02 485.71 485.71
-9999 482.79 482.63 483.08 482.74 482.98 483.42 483.54 483.11 483.52 483.51 483.64 483.64 483.76 484.28 484.41 484.13 484.61 484.73 484.79 485.07 484.87 485.4 485.87 486 485.62 486.08 486.17 486.67 486.21 486.21 486.75 486.8 486.92 486.92 486.98 487 487.51 487.01 487 487.53 487.49 487.49 487.44 487.36 487.84 487.27 487.19 487.71 487.67 487.59 487.59 487.34 487.06 487.43 486.82 487.2 486.94 486.73 486.73 486.5 486.26 486.61 486.01 485.73 486.07 485.76 485.45 485.45 485.12 485.42 485.11
-9999 482.05 481.85 482.27 482.46 482.46 482.62 482.68 483.11 482.68 482.65 483.11 483.32 483.49 483.49 483.67 483.96 484.35 484.01 484.37 484.4 484.92 484.92 485.17 485.21 485.62 485.67 485.26 485.76 485.76 485.76 485.76 485.83 486.39 486.44 485.94 486.48 486.5 486.52 486.52 486.48 486.49 486.96 486.88 486.3 486.79 486.68 487.19 486.6 486.57 487.12 486.99 486.29 486.7 486.41 486.13 486.13 485.89 485.63 486.06 485.81 485.81 485.58 485.33 485.73 485.1 484.82 485.16 484.85 484.29 484.55 484.27
-9999 481.59 481.59 481.52 481.65 482.17 482.23 481.88 482.24 482.23 482.65 482.33 482.56 482.97 483.24 483.02 483.49 483.47 483.58 483.99 483.91 484.15 484.7 484.78 484.78 484.81 484.86 485.26 484.85 484.82 485.28 485.31 484.82 485.33 485.41 485.44 485.93 485.46 485.97 485.94 485.92 485.92 485.88 485.79 486.3 485.71 485.62 486.1 486.04 485.47 485.98 485.8 486.29 486.01 485.36 485.76 485.51 485.22 485.22 484.95 484.72 485.11 484.5 484.3 484.7 484.47 484.82 484.25 484 484.29 484.02 483.47
-9999 481.34 481.2 481.26 481.26 481.43 481.5 481.88 481.5 481.48 481.87 482.03 482.56 482.32 482.6 483.02 482.98 482.48 483.01 483.21 483.56 483.56 483.74 483.84 484.37 483.92 484.38 484.33 484.34 484.82 484.36 484.33 484.82 484.88 484.39 484.95 484.92 484.94 484.94 484.93 485.36 485.34 484.84 485.3 485.22 485.15 485.62 485.05 484.93 485.47 485.37 484.71 485.21 484.98 485.36 484.7 484.46 484.86 484.6 484.33 484.33 484.13 483.89 484.3 483.67 483.45 483.87 483.66 483.66 483.43 483.16 483.47
-9999 480.64 480.57 480.9 480.98 480.74 481.13 481.14 481.13 481.48 481.18 481.42 481.87 482.14 481.89 482.19 481.86 482.48 482.13 482.42 482.96 483.21 483.32 483.32 483.42 483.45 483.88 483.43 483.4 483.87 483.86 483.86 483.89 483.9 484.39 483.92 483.96 484.45 484.44 484.44 484.44 484.42 484.33 484.79 484.25 484.68 484.58 484.47 484.47 484.36 484.26 484.71 484.07 483.9 484.27 484.05 483.8 483.8 483.56 483.93 483.68 483.05 483.44 483.25 483.02 483.02 482.82 482.63 483.05 482.82 482.23 482.57
-9999 480.26 480.28 480.28 480.34 480.45 480.8 480.47 480.79 480.83 481.04 481.04 481.39 481.51 481.89 481.58 481.14 481.62 481.84 482.09 482.09 482.29 482.85 482.94 482.54 482.99 482.98 482.98 482.98 483.01 483.01 483.42 483.43 482.99 483.46 483.5 483.96 483.52 483.54 483.95 483.96 483.54 483.94 483.86 483.81 483.81 483.69 483.56 483.96 483.85 483.85 483.72 483.57 483.9 483.4 483.19 483.48 483.24 482.7 482.98 482.71 482.48 482.81 482.27 482.61 482.42 482.24 482.24 482.06 481.87 482.23 481.66
