data/realblocks/ka2.asc
NCOLS 100
NROWS 100
XLLCORNER 1506552
YLLCORNER 5533496
CELLSIZE 5
NODATA_VALUE -9999
[rows 0 to 31 of 100, columns 0 to 71 of 100]
-9999 -9999 -9999 -9999 -9999 -9999 -9999 -9999 -9999 -9999 -9999 -9999 -9999 -9999 -9999 -9999 -9999 -9999 -9999 -9999 -9999 -9999 561.76 561.75 561.68 561.68 561.68 561.63 561.67 561.53 561.55 561.43 561.47 561.35 561.23 561.26 561.26 561.31 561.23 561.27 561.16 561.29 561.27 561.15 561.33 561.27 561.45 561.42 561.51 561.45 561.43 561.53 561.49 561.59 561.55 561.69 561.69 561.84 561.79 561.74 561.87 561.78 561.88 561.79 561.84 561.77 561.77 561.88 561.83 561.91 561.82 561.95
559.81 559.81 560.33 560.31 560.21 560.17 560.07 560.27 560.27 560.55 560.58 560.58 560.8 560.87 561.17 561.25 561.44 561.5 561.64 561.64 561.64 561.72 561.69 561.68 561.6 561.6 561.51 561.36 561.44 561.3 561.31 561.31 561.35 561.17 561.23 561.13 560.96 561.01 560.96 561.01 560.91 561.12 561.03 560.97 561.14 561.09 561.23 561.12 561.24 561.24 561.4 561.4 561.33 561.46 561.43 561.51 561.5 561.63 561.59 561.73 561.73 561.69 561.73 561.63 561.71 561.64 561.73 561.71 561.65 561.73 561.73 561.78
560.49 559.78 560.21 560.15 560.11 560.06 560.06 560.03 560.06 560.31 560.36 560.61 560.71 560.78 561.08 561.08 561.31 561.35 561.53 561.52 561.64 561.61 561.56 561.56 561.46 561.53 561.44 561.36 561.32 561.22 561.17 561.07 561.07 560.97 561 561 560.96 560.85 560.81 560.85 560.71 560.83 560.76 560.93 560.93 560.93 561.02 560.93 561.05 560.98 561.17 561.1 561.28 561.24 561.2 561.38 561.35 561.46 561.44 561.54 561.54 561.49 561.52 561.48 561.55 561.55 561.57 561.56 561.65 561.61 561.57 561.65
560.47 560.38 559.56 559.83 560.09 560.04 559.97 559.9 559.93 560.1 560.1 560.39 560.44 560.78 560.88 560.95 561.22 561.24 561.38 561.37 561.51 561.49 561.45 561.45 561.34 561.27 561.17 561.17 561.05 561.04 561.04 560.94 560.95 560.81 560.85 560.71 560.73 560.63 560.68 560.68 560.57 560.64 560.6 560.72 560.73 560.82 560.76 560.68 560.79 560.79 560.94 560.87 561.05 560.99 561.2 561.13 561.07 561.23 561.15 561.41 561.37 561.49 561.44 561.34 561.46 561.37 561.45 561.44 561.5 561.5 561.57 561.49
560.37 560.24 559.75 559.21 559.87 560.01 559.97 559.91 559.84 559.81 559.83 560.16 560.23 560.59 560.59 560.95 561.01 561.05 561.23 561.21 561.37 561.35 561.37 561.3 561.3 561.22 561.09 561.09 560.99 560.97 560.87 560.78 560.68 560.6 560.69 560.58 560.62 560.53 560.5 560.42 560.33 560.44 560.37 560.54 560.54 560.67 560.62 560.68 560.62 560.59 560.68 560.64 560.69 560.71 560.91 560.84 560.81 561.01 560.94 561.13 561.08 561.25 561.18 561.28 561.28 561.2 561.31 561.23 561.36 561.34 561.42 561.37
560.3 560.23 560.11 559.99 559.38 559.84 559.88 559.8 559.74 559.74 559.65 559.9 559.96 560.3 560.51 560.79 560.84 561.06 561.06 561.05 561.21 561.21 561.28 561.19 561.2 561.04 560.91 560.91 560.91 560.92 560.81 560.72 560.63 560.6 560.48 560.39 560.39 560.24 560.38 560.26 560.33 560.27 560.23 560.35 560.35 560.54 560.46 560.53 560.53 560.59 560.64 560.55 560.64 560.58 560.7 560.69 560.77 560.77 560.77 560.88 560.89 561 561.01 561.09 561 561.13 561.12 561.06 561.21 561.19 561.27 561.21
560.12 560.1 559.94 559.94 559.8 559.3 559.76 559.69 559.7 559.61 559.61 559.61 559.65 560.03 560.14 560.58 560.65 560.89 560.89 560.87 561.05 561.02 561.06 561.06 561.09 560.94 560.91 560.75 560.6 560.68 560.54 560.54 560.4 560.5 560.37 560.27 560.26 560.08 560.14 560.02 560.12 560.08 560.21 560.21 560.2 560.34 560.32 560.41 560.32 560.45 560.38 560.51 560.51 560.44 560.6 560.54 560.7 560.64 560.73 560.72 560.73 560.85 560.85 560.95 560.9 560.96 560.94 561.06 561.03 560.93 561.05 560.95
560.13 560.04 559.9 559.81 559.71 559.68 559.69 559.69 559.63 559.57 559.52 559.44 559.65 559.76 559.87 560.35 560.34 560.65 560.66 560.87 560.87 560.84 560.92 560.81 560.79 560.64 560.59 560.59 560.6 560.47 560.35 560.38 560.25 560.22 560.12 560.12 559.94 559.94 559.96 559.87 559.92 559.91 560.02 560 560.15 560.12 560.07 560.25 560.19 560.24 560.2 560.32 560.28 560.25 560.37 560.34 560.51 560.51 560.64 560.6 560.73 560.72 560.69 560.82 560.76 560.86 560.83 560.93 560.92 560.93 560.92 560.87
559.99 559.89 559.89 559.8 559.71 559.68 559.47 558.88 559.45 559.4 559.39 559.28 559.4 559.41 559.47 559.95 560 560.37 560.42 560.65 560.67 560.79 560.79 560.7 560.69 560.52 560.49 560.34 560.3 560.2 560.24 560.24 560.11 560.09 559.96 560 559.87 559.85 559.75 559.6 559.75 559.75 559.84 559.82 559.99 559.92 560.07 560.01 559.96 560.03 560.02 560.18 560.13 560.25 560.23 560.18 560.31 560.3 560.43 560.45 560.59 560.59 560.69 560.64 560.62 560.7 560.66 560.77 560.72 560.83 560.78 560.78
560.04 559.88 559.76 559.7 559.63 559.53 559.53 558.88 559.06 559.22 559.29 559.18 559.21 559.23 559.56 559.6 559.6 560.06 560.13 560.44 560.48 560.64 560.62 560.6 560.48 560.34 560.36 560.28 560.23 560.13 560.1 559.99 559.9 559.85 559.73 559.72 559.72 559.75 559.62 559.6 559.54 559.49 559.64 559.63 559.77 559.76 559.92 559.87 559.79 559.92 559.89 559.98 559.96 560.09 560.06 560.16 560.16 560.11 560.3 560.25 560.44 560.38 560.54 560.49 560.6 560.6 560.56 560.63 560.59 560.67 560.65 560.72
559.9 559.9 559.77 559.62 559.56 559.53 559.39 559.42 558.83 559.11 558.99 558.99 559.05 558.95 559.22 559.18 559.65 559.71 559.75 560.17 560.17 560.5 560.49 560.53 560.4 560.34 560.21 560.03 560.03 559.92 560.03 559.94 559.9 559.81 559.7 559.66 559.57 559.51 559.41 559.39 559.39 559.49 559.44 559.42 559.59 559.57 559.69 559.64 559.74 559.72 559.72 559.86 559.8 559.93 559.87 560.02 559.95 560.09 560.07 560 560.21 560.18 560.39 560.38 560.48 560.46 560.43 560.5 560.48 560.54 560.54 560.57
559.96 559.82 559.69 559.54 559.49 559.48 559.37 559.26 559.09 558.82 558.89 558.76 558.76 558.68 558.83 558.83 559.22 559.27 559.75 559.81 559.82 560.22 560.15 560.26 560.09 560.25 560.09 559.93 559.94 559.81 559.81 559.71 559.71 559.59 559.59 559.59 559.47 559.43 559.3 559.28 559.19 559.3 559.24 559.37 559.37 559.36 559.49 559.41 559.56 559.48 559.65 559.56 559.49 559.63 559.63 559.8 559.71 559.91 559.82 560 559.99 559.98 560.17 560.19 560.32 560.33 560.43 560.4 560.38 560.44 560.39 560.43
560.08 559.91 559.72 559.59 559.49 559.41 559.24 559.12 558.91 558.87 558.96 558.76 558.56 558.47 558.61 558.56 558.88 558.88 559.34 559.34 559.82 559.89 559.87 560.04 559.91 559.93 559.77 559.75 559.62 559.62 559.69 559.55 559.59 559.45 559.47 559.34 559.32 559.15 559 559.15 559.03 559.16 559.11 559.22 559.19 559.11 559.24 559.19 559.26 559.26 559.39 559.33 559.49 559.37 559.29 559.47 559.4 559.56 559.53 559.78 559.78 559.98 559.97 559.96 560.16 560.11 560.27 560.22 560.33 560.33 560.3 560.34
560.06 559.89 559.67 559.6 559.49 559.4 559.32 559.13 558.99 558.73 558.59 558.17 558.32 558.4 558.4 558.35 558.51 558.48 558.9 558.98 559.48 559.48 559.77 559.65 559.65 559.73 559.56 559.62 559.46 559.5 559.34 559.19 559.27 559.27 559.32 559.18 559.17 559.01 559 558.88 558.77 558.91 558.91 559.08 559.03 559.11 559.09 559 559.1 559.06 559.13 559.08 559.18 559.18 559.29 559.23 559.17 559.34 559.29 559.48 559.49 559.74 559.71 559.71 559.9 559.88 560.07 560.03 560.19 560.12 560.23 560.12
560.26 560.08 559.77 559.67 559.55 559.46 559.19 559.05 559.05 558.79 558.57 558.45 557.87 558.22 558.12 558.25 558.22 558.21 558.52 558.59 559.04 559.05 559.42 559.3 559.19 559.36 559.22 559.27 559.27 559.31 559.15 559.19 559.07 558.93 558.97 558.86 558.87 558.73 558.87 558.74 558.63 558.74 558.72 558.89 558.88 558.97 558.89 558.96 558.96 558.93 558.98 558.96 559.03 558.95 559.02 559.02 559.15 559.15 559.12 559.26 559.26 559.48 559.45 559.7 559.65 559.59 559.81 559.81 559.98 559.93 560.02 559.94
560.28 559.94 559.83 559.83 559.66 559.59 559.31 559.12 558.87 558.68 558.41 558.2 558.2 557.77 557.82 558.06 558.01 558.21 558.21 558.21 558.58 558.62 559.01 558.91 559.19 559.06 558.98 559.09 558.97 558.98 558.88 558.88 558.88 558.93 558.81 558.68 558.7 558.6 558.6 558.45 558.54 558.52 558.52 558.68 558.68 558.83 558.77 558.85 558.76 558.84 558.79 558.73 558.9 558.82 558.93 558.91 559.01 558.97 558.94 559.1 559.12 559.26 559.26 559.41 559.45 559.59 559.62 559.57 559.69 559.62 559.75 559.65
560.45 560.13 559.96 559.84 559.71 559.59 559.27 559.27 559.02 558.77 558.41 558.23 558.03 557.94 557.35 557.78 557.76 558 557.99 557.95 558.21 558.19 558.55 558.51 558.79 558.71 558.89 558.89 558.75 558.83 558.71 558.73 558.58 558.63 558.47 558.53 558.39 558.39 558.44 558.27 558.36 558.35 558.47 558.48 558.4 558.57 558.57 558.67 558.55 558.66 558.6 558.73 558.66 558.6 558.75 558.7 558.86 558.82 558.94 558.97 558.97 559.11 559.13 559.29 559.32 559.42 559.42 559.57 559.56 559.5 559.6 559.52
560.46 560.31 560.13 559.84 559.79 559.67 559.4 559.26 558.92 558.64 558.27 558.27 558.03 557.87 557.77 557.56 557.43 557.76 557.74 557.91 557.88 557.88 558.2 558.16 558.47 558.37 558.64 558.51 558.63 558.5 558.35 558.55 558.39 558.42 558.26 558.31 558.16 558.02 558.09 558 558.13 558.13 558.3 558.27 558.4 558.34 558.25 558.35 558.29 558.41 558.34 558.54 558.5 558.6 558.57 558.54 558.69 558.66 558.78 558.79 558.97 558.97 558.98 559.16 559.18 559.31 559.33 559.41 559.38 559.48 559.48 559.46
560.62 560.33 560.15 559.85 559.78 559.5 559.5 559.34 559.08 558.87 558.37 558.16 557.87 557.69 557.77 557.19 557.19 557.51 557.49 557.69 557.65 557.81 557.78 557.76 558.07 558.07 558.31 558.22 558.4 558.3 558.35 558.19 558.03 558.05 557.86 558.04 557.89 558.02 557.88 557.77 557.91 557.86 558.01 557.98 558.11 558.11 558.25 558.14 558.05 558.19 558.12 558.26 558.24 558.39 558.33 558.33 558.52 558.52 558.64 558.66 558.8 558.79 559.01 559.04 559.04 559.19 559.18 559.32 559.26 559.4 559.36 559.29
-9999 560.45 560.33 559.94 559.8 559.6 559.45 559.21 559.05 558.84 558.61 558.31 557.89 557.7 557.55 557.46 557.46 557.16 557.11 557.44 557.44 557.59 557.45 557.76 557.74 557.7 557.95 557.87 558.07 557.93 558.15 557.99 557.84 557.88 557.73 557.68 557.54 557.63 557.6 557.72 557.72 557.7 557.82 557.79 557.91 557.85 557.92 557.88 557.99 557.99 557.94 558.06 558.01 558.18 558.12 558.29 558.27 558.26 558.47 558.47 558.62 558.61 558.84 558.86 559.04 559 558.99 559.16 559.09 559.24 559.23 559.29
560.59 560.49 560.34 559.92 559.92 559.7 559.55 559.31 559.14 558.84 558.55 558.22 557.75 557.54 557.53 557.38 557.46 557.05 556.68 557.27 557.22 557.31 557.24 557.39 557.39 557.7 557.66 557.59 557.79 557.7 557.79 557.69 557.73 557.6 557.6 557.56 557.43 557.45 557.42 557.57 557.56 557.67 557.64 557.6 557.72 557.65 557.73 557.71 557.82 557.75 557.68 557.82 557.79 557.93 557.93 558.07 558.07 558.26 558.27 558.25 558.41 558.42 558.63 558.66 558.87 558.85 558.99 559.02 558.94 559.09 559.01 559.07
560.75 560.62 560.34 560.08 559.96 559.66 559.55 559.32 559.13 558.99 558.76 558.53 557.91 557.62 557.39 557.26 557.14 557.05 557.11 557.11 557.1 557.11 557.05 557.16 557.08 557.34 557.29 557.53 557.48 557.48 557.6 557.49 557.56 557.43 557.45 557.3 557.23 557.28 557.28 557.41 557.41 557.55 557.53 557.6 557.51 557.47 557.51 557.5 557.67 557.61 557.68 557.64 557.65 557.73 557.74 557.91 557.92 558.1 558.1 558.25 558.22 558.27 558.45 558.44 558.62 558.65 558.81 558.77 558.77 558.9 558.86 558.94
560.8 560.63 560.28 560.28 559.96 559.82 559.68 559.47 559.3 558.97 558.76 558.22 557.86 557.86 557.43 557.25 557.12 556.98 557.16 556.97 556.98 556.86 556.81 556.99 556.88 557.03 556.98 557.26 557.21 557.15 557.29 557.2 557.24 557.24 557.27 557.16 557.23 557.12 557.06 557.25 557.21 557.34 557.3 557.47 557.37 557.32 557.42 557.38 557.48 557.44 557.51 557.49 557.58 557.58 557.58 557.73 557.75 557.88 557.91 558.06 558.07 558.26 558.26 558.27 558.46 558.45 558.66 558.58 558.77 558.71 558.66 558.71
560.98 560.85 560.49 560.35 560.02 559.86 559.58 559.49 559.49 559.14 558.94 558.54 558.26 557.61 557.43 557.21 556.97 556.97 556.89 556.79 556.37 556.58 556.81 556.71 556.62 556.7 556.69 556.98 556.95 557.15 557.09 556.99 557.06 556.95 557.01 556.9 556.96 556.96 557.06 557.05 557.06 557.19 557.17 557.23 557.17 557.27 557.2 557.2 557.33 557.24 557.39 557.34 557.45 557.44 557.58 557.6 557.59 557.76 557.77 557.92 557.92 558.07 558.07 558.07 558.26 558.27 558.43 558.43 558.59 558.53 558.66 558.57
561.05 560.91 560.7 560.58 560.25 560.11 559.77 559.67 559.53 559.16 559.04 558.61 558.61 557.98 557.75 557.21 557.12 556.93 556.74 556.62 556.68 556.59 556.65 556.53 556.46 556.53 556.45 556.65 556.61 556.86 556.77 556.88 556.88 556.74 556.83 556.73 556.83 556.77 556.89 556.88 557.03 557.03 557.03 557.09 557.01 557.08 557.05 557.11 557.04 557.04 557.14 557.14 557.3 557.27 557.42 557.43 557.59 557.58 557.59 557.78 557.78 557.93 557.91 558.07 558.09 558.09 558.26 558.24 558.36 558.29 558.39 558.39
561.22 560.91 560.8 560.66 560.33 560.21 559.97 559.88 559.53 559.39 559.25 558.91 558.74 558.17 557.95 557.36 557.36 556.93 556.76 556.62 556.46 556.4 556.58 556.29 556.38 556.28 556.28 556.37 556.25 556.54 556.46 556.65 556.52 556.64 556.55 556.47 556.65 556.61 556.73 556.74 556.89 556.91 556.87 556.9 556.84 556.94 556.94 557.01 556.95 557.04 556.97 556.94 557.07 557.04 557.2 557.18 557.4 557.4 557.59 557.6 557.58 557.73 557.69 557.89 557.88 558.12 558.12 558.08 558.22 558.17 558.26 558.16
561.24 561.1 560.98 560.84 560.57 560.43 560.1 560.01 559.63 559.47 559.12 559.12 558.97 558.52 558.34 557.74 557.5 556.89 556.73 556.46 556.32 556.32 556.36 556.12 556.25 556.09 556.15 556.03 555.95 556.14 556.14 556.39 556.28 556.42 556.34 556.47 556.38 556.28 556.5 556.5 556.73 556.71 556.87 556.79 556.71 556.79 556.7 556.82 556.75 556.86 556.86 556.94 556.91 556.9 556.98 557.01 557.16 557.18 557.39 557.38 557.38 557.58 557.54 557.66 557.68 557.88 557.86 558.05 558.02 557.93 558.13 558.03
561.31 561.12 560.99 560.74 560.61 560.61 560.3 560.19 559.9 559.74 559.35 559.21 558.82 558.61 558.43 558.12 557.9 557.29 557.06 556.55 556.42 556.22 556.04 556.14 556.06 556.06 556.01 555.88 555.95 555.89 555.83 556.03 555.98 556.13 556.07 556.27 556.16 556.09 556.28 556.25 556.46 556.41 556.56 556.49 556.61 556.61 556.53 556.61 556.57 556.67 556.61 556.74 556.71 556.86 556.82 556.82 557 557 557.18 557.18 557.37 557.34 557.34 557.46 557.46 557.64 557.61 557.82 557.78 557.93 557.87 557.79
-9999 561.27 561.14 560.89 560.8 560.48 560.37 560.25 559.96 559.96 559.56 559.41 559.01 558.85 558.43 558.24 558.04 557.46 557.22 556.82 556.65 556.22 556.06 555.92 555.88 555.39 555.75 555.68 555.72 555.72 555.83 555.75 555.69 555.95 555.89 556 555.91 556.06 556.03 556.03 556.2 556.14 556.31 556.22 556.36 556.24 556.39 556.3 556.21 556.48 556.37 556.52 556.47 556.65 556.62 556.59 556.78 556.77 556.97 556.97 557.19 557.19 557.34 557.32 557.32 557.47 557.45 557.59 557.56 557.74 557.67 557.79
561.4 561.23 561.17 560.95 560.95 560.66 560.54 560.25 560.12 559.98 559.62 559.46 559.09 558.92 558.7 558.51 558.34 557.8 557.6 556.98 556.73 556.2 556.08 555.88 555.88 555.89 555.82 555.68 555.59 555.49 555.5 555.4 555.7 555.66 555.66 555.83 555.74 555.85 555.77 555.99 555.95 555.87 556.02 556.02 556.07 556.03 556.17 556.06 556.21 556.14 556.09 556.26 556.19 556.43 556.39 556.59 556.54 556.53 556.77 556.75 556.97 556.94 557.14 557.14 557.32 557.29 557.28 557.43 557.4 557.51 557.46 557.53
561.4 561.34 561.3 561.08 560.99 560.69 560.57 560.24 560.24 559.98 559.78 559.62 559.27 559.12 558.75 558.57 558.13 557.93 557.93 557.36 557.13 556.52 556.33 555.98 555.89 555.94 555.82 555.24 555.34 555.24 555.36 555.21 555.38 555.38 555.38 555.59 555.49 555.57 555.57 555.76 555.73 555.87 555.8 555.72 555.84 555.81 555.89 555.85 556.01 555.96 556.09 556.07 556.02 556.16 556.15 556.32 556.3 556.56 556.56 556.54 556.76 556.75 556.89 556.88 557.07 557.04 557.25 557.25 557.19 557.33 557.26 557.38
561.44 561.36 561.22 561.22 561.09 560.82 560.7 560.38 560.18 559.92 559.76 559.46 559.3 559.3 558.96 558.77 558.4 558.19 557.69 557.44 557.26 556.67 556.67 556.2 556.07 555.76 555.63 555.24 555.12 555.17 555.15 555.04 555.15 555.1 555.38 555.39 555.39 555.42 555.34 555.48 555.43 555.6 555.6 555.72 555.65 555.59 555.73 555.67 555.79 555.77 555.86 555.83 555.83 555.97 555.96 556.12 556.1 556.32 556.32 556.57 556.57 556.53 556.73 556.7 556.87 556.85 557.02 557.03 556.97 557.09 557.03 557.14
