data/realblocks/ka2.asc
NCOLS 100
NROWS 100
XLLCORNER 1506552
YLLCORNER 5533496
CELLSIZE 5
NODATA_VALUE -9999
[rows 64 to 95 of 100, columns 0 to 71 of 100]
-9999 562.46 562.43 562.23 562.17 562.05 561.95 561.95 561.77 561.7 561.61 561.51 561.4 561.25 561.08 560.88 560.71 560.71 560.41 560.25 559.94 559.76 559.48 559.35 559.1 558.97 558.75 558.7 558.52 558.24 557.98 557.53 557.26 556.97 556.47 556.16 555.77 555.77 555.37 555.16 554.84 554.68 554.5 554.22 554.14 553.82 553.69 553.53 553.42 553.11 552.9 552.64 552.08 551.8 551.64 551.52 551.78 551.78 551.67 551.64 551.56 551.48 551.45 551.44 551.38 551.42 551.38 551.38 551.41 551.4 551.37 551.34
-9999 562.36 562.36 562.27 562.18 562.13 561.94 561.85 561.69 561.63 561.48 561.35 561.35 561.21 561.04 560.88 560.7 560.51 560.25 560.03 559.77 559.77 559.55 559.41 559.18 559.02 558.75 558.59 558.43 558.12 557.88 557.73 557.42 556.97 556.65 556.32 555.92 555.64 555.29 555.12 554.83 554.83 554.5 554.35 554.24 553.92 553.79 553.6 553.44 553.15 552.93 552.93 552.32 551.99 551.56 551.47 551.46 551.53 551.7 551.58 551.45 551.48 551.44 551.37 551.29 551.37 551.34 551.29 551.37 551.33 551.29 551.29
-9999 562.44 562.35 562.21 562.09 562.08 561.98 561.9 561.74 561.61 561.45 561.36 561.25 561.08 560.96 560.73 560.73 560.5 560.29 560.03 559.87 559.71 559.44 559.32 559.04 558.88 558.81 558.64 558.43 558.21 557.97 557.58 557.26 556.79 556.5 556.03 556.03 555.81 555.43 555.22 554.96 554.78 554.5 554.36 554.08 553.92 553.92 553.7 553.59 553.3 553.17 552.61 552.31 551.95 551.52 551.52 551.39 551.3 551.41 551.29 551.45 551.44 551.4 551.26 551.19 551.26 551.24 551.29 551.24 551.19 551.22 551.21
-9999 562.5 562.48 562.33 562.27 562.08 561.95 561.95 561.78 561.68 561.58 561.45 561.25 561.1 561.04 560.8 560.69 560.4 560.26 559.96 559.96 559.71 559.56 559.44 559.15 558.98 558.73 558.56 558.34 558.13 558.13 557.75 557.48 556.99 556.7 556.24 555.99 555.63 555.38 555.26 555.09 554.95 554.61 554.45 554.23 554.07 553.95 553.69 553.58 553.33 553.33 552.9 552.61 551.95 551.68 551.4 551.23 551.18 551.24 551.36 551.37 551.42 551.4 551.28 551.21 551.15 551.17 551.14 551.16 551.14 551.14 551.17
-9999 562.55 562.42 562.31 562.25 562.21 562.08 561.96 561.81 561.67 561.54 561.4 561.2 561.05 560.86 560.86 560.76 560.56 560.36 560.14 559.98 559.71 559.55 559.27 559.15 559.15 558.83 558.72 558.42 558.29 557.91 557.74 557.46 556.96 556.96 556.44 556.24 555.81 555.61 555.26 555.12 554.96 554.61 554.51 554.34 554.21 553.95 553.85 553.75 553.47 553.36 552.89 552.58 551.93 551.93 551.4 551.25 551.12 551.14 551.04 551.47 551.22 551.24 551.18 551.18 551.12 551.11 551.13 551.08 551.2 551.17 551.16
-9999 562.56 562.52 562.34 562.29 562.15 562.02 561.89 561.74 561.74 561.56 561.43 561.27 561.12 560.91 560.76 560.57 560.44 560.27 560.19 560.03 559.77 559.66 559.39 559.29 559.08 558.82 558.64 558.4 558.4 558.14 557.95 557.46 557.18 556.91 556.46 556.24 555.84 555.65 555.47 555.31 554.96 554.84 554.7 554.4 554.22 554 553.89 553.65 553.65 553.51 553.15 552.86 552.24 551.91 551.4 551.22 551.05 550.98 550.98 551.01 551.01 551.18 551.24 551.16 551.1 551.02 550.94 550.94 551.11 551.11 551.13
-9999 562.5 562.4 562.26 562.26 562.18 562.07 561.86 561.74 561.56 561.49 561.39 561.12 561.12 560.93 560.79 560.6 560.43 560.27 560.09 559.95 559.74 559.57 559.51 559.34 559.08 558.86 558.76 558.48 558.35 558.01 557.78 557.38 557.38 556.91 556.61 556.41 556.02 555.83 555.46 555.32 555.02 554.83 554.83 554.54 554.39 554.1 554.03 553.78 553.69 553.37 553.13 552.86 552.53 552.21 551.65 551.35 551.01 550.89 550.8 550.86 550.81 551.25 551.25 551.17 551.06 551.02 550.94 550.89 551 551.02 551.05
-9999 562.53 562.35 562.29 562.26 562.1 562.01 561.74 561.74 561.61 561.51 561.39 561.18 561.04 560.79 560.65 560.51 560.36 560.29 560.14 560.02 559.8 559.61 559.41 559.22 558.94 558.78 558.57 558.57 558.38 558.14 557.89 557.57 557.24 556.82 556.58 556.19 555.97 555.97 555.62 555.46 555.15 555 554.67 554.54 554.39 554.15 554.15 553.93 553.85 553.55 553.39 552.86 552.57 552.22 551.58 551.28 551.15 550.93 550.8 550.74 550.69 550.79 550.94 551.16 551.06 551 551 550.89 550.91 550.93 550.98
-9999 562.47 562.44 562.39 562.26 562.11 561.98 561.86 561.69 561.59 561.45 561.25 561.25 561.04 560.89 560.71 560.52 560.4 560.22 560.08 559.84 559.66 559.66 559.42 559.27 559.07 558.85 558.63 558.41 558.2 557.95 557.67 557.63 557.35 556.97 556.66 556.31 556.11 555.92 555.58 555.42 555.14 555.14 554.83 554.7 554.39 554.32 554.21 554 553.9 553.65 553.47 553.17 552.92 552.22 551.85 551.52 551 550.85 550.67 550.61 550.67 550.67 550.65 551.22 550.75 551.06 550.94 550.88 550.98 550.93 550.93
-9999 562.51 562.38 562.33 562.16 562.06 561.91 561.91 561.75 561.64 561.5 561.32 561.16 560.9 560.73 560.55 560.44 560.44 560.28 560.09 559.92 559.73 559.52 559.38 559.17 558.91 558.91 558.67 558.47 558.22 558 557.67 557.46 557.17 556.8 556.54 556.42 556.22 555.92 555.72 555.56 555.25 555.1 554.83 554.71 554.44 554.44 554.21 554.1 554.01 553.77 553.66 553.23 552.94 552.24 551.89 551.89 551.22 550.96 550.71 550.57 550.55 550.49 550.6 550.67 550.85 550.99 550.88 551 551.12 550.85 550.78
-9999 562.59 562.47 562.34 562.23 562.11 561.98 561.8 561.67 561.55 561.42 561.35 561.23 560.96 560.82 560.57 560.45 560.37 560.19 560.06 559.82 559.82 559.58 559.42 559.17 559 558.78 558.55 558.36 558.1 557.83 557.75 557.56 557.17 556.88 556.65 556.33 556.15 555.85 555.7 555.4 555.4 555.28 554.98 554.86 554.58 554.48 554.25 554.12 553.88 553.77 553.77 553.5 553.25 552.59 552.27 551.53 551.17 550.9 550.6 550.6 550.46 550.36 550.43 550.38 550.85 550.72 550.79 550.92 550.97 551.11 551
-9999 562.53 562.42 562.3 562.16 562.02 561.96 561.84 561.64 561.58 561.42 561.24 561.08 560.85 560.72 560.66 560.5 560.37 560.22 560.11 559.91 559.73 559.53 559.33 559.07 559.07 558.78 558.63 558.47 558.16 557.93 557.65 557.39 557.08 556.84 556.84 556.47 556.28 556 555.83 555.55 555.41 555.11 554.99 554.87 554.75 554.6 554.37 554.22 554.03 553.9 553.84 553.5 553.25 552.65 552.65 551.94 551.59 550.9 550.71 550.56 550.35 550.2 550.2 550.19 550.42 550.42 550.79 550.71 550.79 550.89 550.87
-9999 562.47 562.44 562.3 562.22 562.05 561.93 561.78 561.6 561.52 561.43 561.31 561.16 560.94 560.76 560.58 560.45 560.31 560.15 559.95 559.95 559.83 559.59 559.45 559.21 558.96 558.73 558.53 558.25 558.05 558.05 557.74 557.47 557.21 556.97 556.63 556.42 556.24 555.96 555.96 555.69 555.53 555.25 555.13 554.87 554.72 554.59 554.32 554.2 554.12 554 553.84 553.66 553.48 552.99 552.69 551.98 551.61 550.93 550.93 550.56 550.43 550.27 550.09 550.04 550.18 550.14 550.57 550.62 550.62 550.79 550.72
-9999 562.41 562.39 562.23 562.23 562.05 561.97 561.84 561.67 561.56 561.33 561.25 561.02 560.83 560.83 560.62 560.49 560.35 560.19 559.98 559.82 559.65 559.45 559.29 559.27 559.06 558.83 558.6 558.36 558.14 557.87 557.56 557.39 557.1 557.1 556.74 556.51 556.24 556.05 555.93 555.62 555.46 555.23 555.07 554.98 554.84 554.59 554.45 554.27 554.1 553.97 553.75 553.61 553.28 553.28 553.03 552.4 552.03 551.25 550.95 550.6 550.37 550.15 550 550 549.96 549.97 550.15 550.29 550.59 550.6 550.58
-9999 562.5 562.44 562.28 562.22 562.01 561.9 561.69 561.54 561.54 561.44 561.28 561.08 560.84 560.71 560.51 560.4 560.19 560.06 560.02 559.9 559.7 559.5 559.29 559.08 558.91 558.64 558.44 558.44 558.18 557.87 557.66 557.45 557.18 556.91 556.6 556.39 556.19 556.19 555.93 555.73 555.56 555.34 555.19 554.91 554.76 554.53 554.34 554.34 554.15 553.98 553.79 553.67 553.45 553.21 552.74 552.43 552.08 551.66 551.32 550.73 550.57 550.22 550.03 549.91 549.85 549.81 549.95 549.95 550.36 550.3 550.58
-9999 562.48 562.38 562.34 562.25 562.08 561.96 561.8 561.68 561.51 561.36 561.2 560.92 560.92 560.71 560.6 560.4 560.24 560.13 559.93 559.78 559.55 559.4 559.35 559.2 558.91 558.71 558.52 558.32 558.02 557.74 557.48 557.2 557.2 557.01 556.72 556.49 556.22 556.06 555.81 555.65 555.42 555.25 555.25 554.96 554.77 554.56 554.39 554.17 554.02 553.86 553.68 553.68 553.5 553.3 552.97 552.78 552.08 551.72 551.41 550.81 550.58 550.38 550.13 549.91 549.79 549.74 549.78 549.79 550.01 550.33 550.28
-9999 562.47 562.38 562.24 562.11 562.03 561.9 561.84 561.74 561.51 561.36 561.24 561 560.8 560.62 560.49 560.27 560.27 560.13 559.99 559.84 559.61 559.45 559.22 559.04 558.74 558.58 558.58 558.32 558.11 557.8 557.62 557.32 557.13 556.81 556.6 556.45 556.31 556.14 555.9 555.76 555.48 555.32 555.17 554.85 554.7 554.46 554.46 554.23 554.09 553.86 553.7 553.59 553.36 553.17 552.89 552.68 552.45 552.15 551.41 551.13 550.85 550.3 550.03 549.81 549.74 549.69 549.69 549.68 549.78 549.79 550.28
-9999 562.42 562.36 562.28 562.17 562.07 561.9 561.73 561.6 561.44 561.23 561.06 561.06 560.92 560.66 560.56 560.34 560.18 560.04 559.87 559.69 559.51 559.51 559.28 559.16 558.88 558.69 558.43 558.23 558.02 557.72 557.55 557.43 557.25 556.9 556.75 556.45 556.26 556.09 555.84 555.69 555.62 555.42 555.17 554.98 554.8 554.58 554.36 554.18 553.99 553.81 553.81 553.59 553.42 553.23 553.01 552.83 552.43 552.14 551.51 551.2 551.2 550.57 550.27 549.82 549.75 549.68 549.65 549.63 549.64 549.63 549.8
-9999 562.34 562.3 562.19 562.07 561.96 561.96 561.78 561.64 561.41 561.29 561.09 560.94 560.72 560.52 560.38 560.38 560.23 560.06 559.92 559.72 559.52 559.38 559.22 558.99 558.75 558.75 558.48 558.28 558.02 557.85 557.6 557.31 557.14 556.86 556.63 556.55 556.33 556.09 555.94 555.77 555.5 555.37 555.07 554.9 554.63 554.63 554.46 554.21 554.02 553.81 553.63 553.48 553.25 553 552.84 552.84 552.6 552.31 551.77 551.51 550.87 550.61 550.37 549.85 549.85 549.65 549.59 549.55 549.5 549.63 549.66
-9999 562.33 562.28 562.16 562.09 562.02 561.82 561.65 561.48 561.33 561.2 561.12 560.95 560.78 560.62 560.38 560.21 560.07 559.89 559.77 559.72 559.59 559.38 559.25 559.06 558.77 558.58 558.34 558.14 557.89 557.89 557.6 557.39 557.2 556.9 556.7 556.4 556.22 555.99 555.79 555.79 555.59 555.41 555.17 555 554.72 554.5 554.25 554.08 553.89 553.84 553.69 553.44 553.25 553.01 552.82 552.62 552.41 552.18 551.74 551.74 551.17 550.94 550.37 550.15 549.97 549.63 549.58 549.48 549.39 549.45 549.45
-9999 562.24 562.2 562.19 562.07 562.07 561.89 561.69 561.48 561.31 561.25 561.03 560.82 560.64 560.48 560.4 560.24 560.13 559.94 559.78 559.58 559.41 559.23 559.08 558.85 558.85 558.7 558.44 558.19 557.97 557.74 557.45 557.27 556.99 556.82 556.82 556.51 556.3 556.03 555.91 555.62 555.48 555.28 555.02 555.02 554.79 554.58 554.31 554.12 553.89 553.7 553.52 553.31 553.13 553.05 552.85 552.62 552.43 552.25 551.89 551.62 551.17 550.91 550.47 550.47 549.97 549.8 549.68 549.51 549.43 549.32 549.39
-9999 562.24 562.22 562.16 562.11 562 561.76 561.61 561.35 561.35 561.25 561.06 560.92 560.7 560.55 560.36 560.17 560 559.82 559.82 559.62 559.49 559.32 559.18 558.89 558.74 558.47 558.31 558.11 558.07 557.87 557.54 557.36 557.12 556.9 556.73 556.4 556.21 555.96 555.96 555.71 555.57 555.28 555.12 554.97 554.67 554.52 554.19 553.98 553.95 553.81 553.52 553.35 553.17 552.93 552.69 552.48 552.28 552 552 551.74 551.33 551.12 550.71 550.55 550.11 549.9 549.6 549.5 549.5 549.42 549.34
-9999 562.16 562.15 562.12 562.12 561.98 561.83 561.59 561.39 561.22 561.07 560.98 560.79 560.58 560.58 560.33 560.22 560.05 559.92 559.69 559.51 559.3 559.16 559 558.98 558.8 558.58 558.37 558.11 557.95 557.79 557.47 557.27 557.21 556.96 556.73 556.49 556.27 556.04 555.83 555.61 555.46 555.19 555.19 554.97 554.76 554.58 554.32 554.04 553.84 553.63 553.39 553.19 553.19 552.97 552.7 552.46 552.23 552.01 551.79 551.48 551.23 551.05 550.91 550.72 550.36 550.22 549.8 549.66 549.54 549.34 549.28
-9999 562.17 562.02 562.08 561.9 561.78 561.54 561.42 561.33 561.19 561.08 560.93 560.81 560.65 560.49 560.24 560.08 559.91 559.91 559.73 559.54 559.3 559.18 558.97 558.83 558.64 558.44 558.24 558.19 558.04 557.79 557.51 557.29 557.02 556.83 556.54 556.37 556.07 556.07 555.86 555.64 555.42 555.25 555.05 554.76 554.59 554.35 554.12 554.12 553.88 553.65 553.39 553.22 552.97 552.75 552.48 552.23 552.23 552.08 551.84 551.56 551.33 551.05 550.86 550.66 550.4 550.24 550.02 549.86 549.54 549.47 549.35
-9999 561.95 561.84 561.99 561.88 561.73 561.52 561.42 561.17 561.09 561 560.77 560.77 560.67 560.49 560.25 560.05 559.89 559.73 559.5 559.34 559.19 559.19 558.97 558.83 558.69 558.46 558.3 558.08 557.89 557.56 557.37 557.37 557.1 556.89 556.62 556.4 556.13 555.89 555.67 555.5 555.33 555.24 555.07 554.85 554.62 554.4 554.14 553.91 553.64 553.46 553.17 553.17 553.02 552.73 552.48 552.26 552.09 551.84 551.56 551.36 551.16 551.12 550.96 550.66 550.52 550.32 550.05 549.94 549.62 549.47 549.2
-9999 561.87 561.82 561.81 561.66 561.51 561.39 561.34 561.2 561.07 560.93 560.87 560.63 560.47 560.27 560.08 559.93 559.93 559.78 559.56 559.42 559.17 559.01 558.85 558.7 558.49 558.33 558.33 558.13 557.93 557.68 557.37 557.13 556.96 556.79 556.5 556.24 556.18 555.96 555.73 555.48 555.33 555.14 554.91 554.66 554.48 554.43 554.19 553.91 553.72 553.49 553.25 553.01 552.76 552.52 552.24 552.24 552.09 551.84 551.62 551.32 551.13 550.92 550.77 550.58 550.36 550.36 550.18 550.02 549.8 549.63 549.28
-9999 561.7 561.82 561.7 561.61 561.46 561.36 561.19 561.09 560.97 560.84 560.84 560.69 560.46 560.29 560.12 559.96 559.8 559.62 559.43 559.18 559.19 558.97 558.87 558.74 558.57 558.35 558.14 557.93 557.74 557.44 557.44 557.22 557.03 556.79 556.53 556.33 556.03 555.79 555.57 555.41 555.37 555.19 554.91 554.65 554.5 554.22 554.02 553.74 553.56 553.24 553.24 553.06 552.8 552.59 552.28 552.1 551.84 551.67 551.38 551.16 551.16 550.95 550.78 550.63 550.43 550.23 550.08 549.94 549.72 549.72 549.43
-9999 561.46 561.61 561.49 561.44 561.23 561.23 561.19 561.01 560.91 560.8 560.63 560.55 560.32 560.08 559.97 559.92 559.77 559.67 559.41 559.18 559.04 558.87 558.66 558.54 558.59 558.38 558.14 557.98 557.71 557.58 557.33 557.06 556.87 556.6 556.6 556.33 556.13 555.88 555.64 555.44 555.22 555 554.77 554.56 554.56 554.34 554.07 553.84 553.65 553.32 553.13 552.87 552.67 552.45 552.35 552.2 551.91 551.71 551.44 551.26 551.03 550.85 550.71 550.47 550.47 550.3 550.17 549.94 549.83 549.66 549.4
-9999 561.32 561.4 561.39 561.31 561.18 561.06 560.97 560.86 560.73 560.73 560.68 560.51 560.32 560.16 559.96 559.77 559.58 559.46 559.26 559.26 559.05 558.87 558.72 558.55 558.38 558.21 557.97 557.75 557.51 557.51 557.29 557.08 556.85 556.63 556.43 556.16 555.93 555.64 555.44 555.44 555.22 555.05 554.8 554.57 554.34 554.12 553.92 553.67 553.43 553.35 553.18 552.94 552.69 552.45 552.25 552 551.76 551.58 551.53 551.33 551.03 550.86 550.73 550.48 550.31 550.19 549.98 549.85 549.85 549.66 549.51
-9999 561.16 561.26 561.15 561.2 561.14 561.06 560.92 560.79 560.76 560.58 560.53 560.32 560.18 560.18 559.96 559.77 559.64 559.49 559.29 559.02 558.93 558.71 558.55 558.55 558.37 558.19 557.96 557.8 557.56 557.37 557.13 556.91 556.68 556.67 556.44 556.19 555.92 555.65 555.46 555.28 555.06 554.86 554.6 554.6 554.35 554.13 553.92 553.71 553.44 553.16 553.01 552.75 552.51 552.52 552.3 552 551.78 551.61 551.4 551.12 550.87 550.72 550.52 550.52 550.29 550.19 550 549.85 549.68 549.53 549.38
-9999 561.17 561.13 561.07 561.11 560.95 560.93 560.79 560.65 560.65 560.63 560.5 560.39 560.14 560.01 559.8 559.64 559.47 559.33 559.33 559.06 558.85 558.7 558.53 558.39 558.22 558.07 557.83 557.66 557.57 557.4 557.11 556.91 556.68 556.49 556.2 556.02 555.78 555.71 555.5 555.28 555.12 554.92 554.62 554.45 554.21 553.99 553.74 553.74 553.44 553.21 553.01 552.8 552.56 552.33 552.08 551.87 551.65 551.65 551.39 551.16 550.94 550.69 550.51 550.29 550.16 549.95 549.78 549.83 549.65 549.59 549.44
-9999 561.1 561.06 561.06 561.01 560.93 560.85 560.71 560.62 560.54 560.51 560.32 560.17 560.19 560.04 559.81 559.69 559.5 559.32 559.14 558.97 558.71 558.55 558.55 558.41 558.24 558.07 557.86 557.66 557.41 557.17 556.92 556.73 556.72 556.49 556.2 556.01 555.81 555.51 555.34 555.1 554.94 554.76 554.76 554.53 554.25 554.07 553.8 553.57 553.31 553.07 552.8 552.59 552.59 552.42 552.15 551.9 551.68 551.41 551.25 551.04 550.72 550.56 550.49 550.33 550.15 549.98 549.78 549.65 549.53 549.44 549.39
