data/realblocks/ka2.asc
NCOLS 100
NROWS 100
XLLCORNER 1506552
YLLCORNER 5533496
CELLSIZE 5
NODATA_VALUE -9999
[rows 32 to 63 of 100, columns 0 to 71 of 100]
561.55 561.42 561.3 561.18 560.96 560.82 560.68 560.54 560.32 560.01 559.85 559.6 559.45 559.3 558.99 558.8 558.43 558.43 557.98 557.74 557.26 557.03 556.88 556.35 556.22 555.78 555.58 555.7 555.52 555.17 555.07 554.98 554.97 554.89 555.11 555.09 555.28 555.28 555.17 555.27 555.22 555.37 555.29 555.45 555.37 555.52 555.45 555.45 555.62 555.57 555.72 555.7 555.79 555.76 555.77 555.94 555.94 556.11 556.13 556.34 556.37 556.53 556.5 556.5 556.66 556.61 556.84 556.83 556.97 556.94 556.88 556.97
561.51 561.51 561.35 561.23 561.06 560.93 560.68 560.49 560.27 559.97 559.82 559.74 559.61 559.3 559.17 559.01 558.64 558.48 558.07 557.89 557.42 557.42 556.88 556.7 556.55 556.06 555.89 555.52 555.53 554.69 554.82 554.82 554.91 554.83 554.89 554.84 555.06 554.98 555.09 555.01 554.92 555.15 555.07 555.2 555.12 555.3 555.24 555.19 555.35 555.31 555.46 555.46 555.66 555.6 555.77 555.75 555.73 555.97 555.94 556.15 556.13 556.34 556.32 556.5 556.47 556.41 556.6 556.59 556.72 556.7 556.8 556.8
561.59 561.48 561.29 561.18 561.01 560.88 560.8 560.61 560.43 560.07 559.96 559.72 559.55 559.33 559.15 558.8 558.8 558.66 558.3 558.12 557.73 557.57 557.04 556.87 556.4 556.21 556.21 555.7 555.5 555.43 555.2 554.9 554.8 554.71 554.7 554.7 554.8 554.76 554.89 554.83 554.92 554.85 554.81 554.9 554.86 555.06 555.04 555.19 555.16 555.11 555.26 555.24 555.42 555.38 555.53 555.53 555.73 555.72 555.69 555.92 555.9 556.13 556.08 556.28 556.21 556.21 556.38 556.38 556.53 556.5 556.6 556.55
561.65 561.48 561.39 561.28 561.09 560.97 560.76 560.56 560.24 560.06 560.06 559.8 559.7 559.44 559.28 558.99 558.83 558.49 558.34 558.18 557.98 557.85 557.39 557.21 556.72 556.54 556.27 555.77 555.61 555.34 555.34 554.68 554.94 554.71 554.63 554.58 554.58 554.56 554.7 554.62 554.77 554.7 554.81 554.75 554.69 554.83 554.82 554.99 554.97 555.08 555.08 555.08 555.25 555.24 555.37 555.38 555.52 555.53 555.71 555.72 555.72 555.91 555.89 556.05 556.03 556.18 556.16 556.11 556.33 556.33 556.46 556.4
561.68 561.44 561.38 561.19 561.06 561.06 560.85 560.7 560.36 560.21 559.9 559.8 559.68 559.44 559.44 559.15 558.96 558.7 558.54 558.18 558.05 557.95 557.52 557.36 557.03 556.88 556.27 556.06 555.86 555.43 555.36 555.04 554.52 554.58 554.58 554.58 554.5 554.44 554.54 554.47 554.55 554.48 554.59 554.53 554.53 554.66 554.62 554.8 554.75 554.96 554.9 555.06 555.04 555.02 555.21 555.18 555.35 555.35 555.53 555.53 555.53 555.73 555.68 555.83 555.83 555.98 555.96 556.11 556.09 556.05 556.17 556.14
561.72 561.62 561.5 561.3 561.19 561.12 560.85 560.69 560.37 560.37 560.06 559.95 559.68 559.58 559.48 559.16 559.07 558.78 558.64 558.43 558.3 558.18 557.78 557.64 557.23 557.06 556.49 556.25 555.72 555.72 555.55 555.24 555.06 554.57 554.45 554.42 554.37 554.42 554.32 554.32 554.41 554.32 554.43 554.37 554.5 554.46 554.44 554.61 554.61 554.75 554.75 554.88 554.86 555.02 554.98 554.94 555.12 555.08 555.31 555.27 555.53 555.51 555.45 555.65 555.58 555.75 555.72 555.89 555.89 556.05 555.99 555.94
561.73 561.61 561.57 561.43 561.33 561.12 561.01 560.89 560.57 560.49 560.14 560.06 559.74 559.74 559.48 559.34 559.24 558.98 558.88 558.55 558.4 558.05 557.94 557.94 557.52 557.38 556.86 556.69 556.01 555.8 555.35 555.17 554.91 554.73 554.63 554.34 554.33 554.31 554.22 554.13 554.16 554.16 554.22 554.22 554.3 554.28 554.44 554.43 554.42 554.57 554.55 554.69 554.66 554.83 554.8 554.94 554.92 554.93 555.08 555.07 555.27 555.24 555.41 555.41 555.37 555.54 555.51 555.68 555.64 555.78 555.73 555.85
561.86 561.69 561.65 561.46 561.39 561.22 561.13 560.78 560.78 560.7 560.37 560.27 559.94 559.88 559.56 559.45 559.16 559.09 559.09 558.76 558.63 558.33 558.18 557.83 557.72 557.58 557.09 557.09 556.44 556.19 555.59 555.38 554.91 554.77 554.65 554.36 554.18 554.21 554.15 554.13 554.03 553.97 554.12 554.06 554.13 554.09 554.25 554.25 554.42 554.4 554.35 554.53 554.51 554.63 554.62 554.78 554.77 554.77 554.92 554.89 555.05 555.04 555.16 555.13 555.33 555.27 555.22 555.44 555.4 555.58 555.48 555.67
561.8 561.79 561.79 561.59 561.51 561.35 561.34 560.98 560.9 560.6 560.49 560.38 560.14 560.05 559.78 559.66 559.37 559.3 559.23 558.89 558.79 558.44 558.44 558.05 557.97 557.58 557.46 557.28 556.62 556.33 555.64 555.38 555.16 554.96 554.73 554.41 553.95 554.08 554.02 554 553.92 553.99 553.99 553.93 554 553.94 554.05 554.03 554.2 554.18 554.35 554.32 554.32 554.46 554.42 554.59 554.55 554.74 554.71 554.68 554.84 554.84 554.96 554.93 555.06 555.01 555.22 555.18 555.09 555.26 555.18 555.42
561.94 561.91 561.69 561.65 561.62 561.49 561.49 561.22 561.06 560.83 560.74 560.38 560.26 560.18 559.89 559.74 559.54 559.46 559.23 559.1 559 558.66 558.57 558.22 558.17 557.8 557.8 557.28 557.07 556.78 556.05 555.74 555.17 554.91 554.52 554.27 554.27 553.94 553.94 553.96 553.86 553.88 553.81 553.87 553.83 553.82 553.9 553.9 554.01 554.01 554.19 554.15 554.16 554.25 554.23 554.34 554.34 554.53 554.51 554.68 554.63 554.55 554.73 554.67 554.8 554.75 554.96 554.89 555.09 555.01 554.92 555.11
562 562 561.83 561.74 561.62 561.59 561.57 561.28 561.19 560.95 560.82 560.63 560.49 560.33 560.09 559.94 559.63 559.55 559.3 559.21 558.91 558.91 558.81 558.47 558.41 558.08 557.98 557.44 557.19 556.46 556.16 556.16 555.44 555.14 554.65 554.36 553.97 553.76 554 553.82 553.82 553.79 553.75 553.78 553.73 553.82 553.79 553.72 553.82 553.83 554.02 554 554.16 554.17 554.1 554.24 554.19 554.34 554.33 554.4 554.4 554.55 554.52 554.47 554.58 554.51 554.65 554.58 554.77 554.69 554.69 554.87
562.07 562.02 561.87 561.8 561.67 561.67 561.57 561.45 561.35 561.13 561.03 560.73 560.58 560.26 560.14 560.14 559.83 559.72 559.48 559.38 559.11 559.02 558.69 558.61 558.57 558.36 558.21 557.77 557.55 556.87 556.57 556.25 555.5 555.08 554.53 554.53 554.07 553.89 554 553.9 553.72 553.7 553.65 553.6 553.53 553.67 553.61 553.72 553.67 553.64 553.83 553.8 553.96 553.91 554.08 554.08 554.04 554.18 554.17 554.28 554.22 554.32 554.27 554.39 554.31 554.31 554.45 554.39 554.55 554.5 554.63 554.61
562.16 562.08 561.97 561.92 561.75 561.73 561.61 561.49 561.27 561.19 561.19 560.87 560.74 560.41 560.31 560 559.91 559.84 559.57 559.57 559.31 559.22 558.9 558.83 558.57 558.45 558.27 557.86 557.59 557.28 556.96 556.25 555.87 555.45 554.74 554.48 554.03 553.78 553.86 553.86 553.72 553.58 553.59 553.58 553.47 553.47 553.42 553.52 553.49 553.49 553.64 553.62 553.78 553.75 553.9 553.88 554 553.98 553.97 554.1 554.06 554.16 554.11 554.21 554.18 554.09 554.22 554.17 554.32 554.32 554.45 554.4
562.16 562.04 562.01 561.91 561.83 561.77 561.72 561.6 561.37 561.29 561.2 560.94 560.78 560.49 560.49 560.18 560.09 559.84 559.75 559.63 559.42 559.31 559 558.91 558.77 558.65 558.48 558.06 557.85 557.31 556.95 556.2 555.79 555.04 555.04 554.67 554.2 553.98 553.57 553.48 553.69 553.63 553.5 553.43 553.43 553.31 553.27 553.36 553.32 553.46 553.44 553.43 553.64 553.64 553.76 553.76 553.88 553.84 553.97 553.91 553.85 553.95 553.9 554.05 554 554.09 554.04 553.97 554.12 554.07 554.22 554.16
562.22 562.08 562.05 561.91 561.86 561.78 561.68 561.57 561.48 561.4 561.2 561.09 560.95 560.67 560.55 560.25 560.18 559.93 559.93 559.63 559.58 559.45 559.15 559.05 558.8 558.61 558.28 558.05 558.05 557.57 557.26 556.55 556.11 555.33 554.94 554.41 554.17 553.98 553.78 553.59 553.37 553.6 553.5 553.41 553.35 553.26 553.21 553.16 553.16 553.28 553.27 553.43 553.44 553.44 553.59 553.55 553.68 553.62 553.82 553.75 553.85 553.8 553.73 553.83 553.73 553.88 553.79 553.93 553.93 553.85 553.98 553.95
562.25 562.09 562.04 562.01 561.92 561.85 561.73 561.63 561.49 561.4 561.2 561.11 560.84 560.84 560.71 560.44 560.32 560.11 560 559.74 559.64 559.3 559.17 559.17 558.94 558.78 558.42 558.2 557.76 557.46 557.08 556.42 556.42 555.65 555.23 554.63 554.39 553.98 553.77 553.59 553.25 553.38 553.52 553.19 553.35 553.3 553.24 553.11 553.06 553.13 553.1 553.27 553.27 553.44 553.42 553.39 553.49 553.42 553.54 553.46 553.61 553.52 553.52 553.65 553.53 553.67 553.57 553.74 553.65 553.77 553.72 553.67
562.34 562.18 562.13 562.02 561.93 561.81 561.72 561.72 561.54 561.46 561.29 561.22 560.98 560.86 560.57 560.44 560.34 560.26 560.16 559.86 559.77 559.46 559.32 559.17 558.91 558.7 558.36 558.36 557.95 557.61 557.08 556.65 556.23 555.51 555.16 554.67 554.48 554.25 554.03 553.59 553.41 553.26 553.15 552.89 553.29 553.23 553.17 553.17 553.11 553.05 553.04 553.11 553.11 553.21 553.2 553.3 553.24 553.24 553.38 553.31 553.41 553.29 553.41 553.36 553.29 553.4 553.4 553.49 553.41 553.56 553.48 553.67
-9999 562.22 562.22 562.11 562.01 561.84 561.78 561.61 561.51 561.44 561.28 561.28 561.08 560.96 560.71 560.55 560.34 560.29 560.17 559.91 559.8 559.64 559.46 559.17 559.03 558.83 558.48 558.25 557.82 557.47 556.9 556.9 556.23 555.81 555.4 554.93 554.7 554.28 554.04 553.6 553.46 553.46 553.22 553.2 553.39 553.31 553.18 553.14 553.04 553.01 552.97 553.01 552.98 553.12 553.12 553.18 553.16 553.15 553.17 553.14 553.14 553.14 553.28 553.18 553.29 553.2 553.1 553.19 553.13 553.25 553.21 553.38
-9999 562.27 562.2 562.06 561.94 561.84 561.84 561.66 561.58 561.44 561.34 561.21 561.08 560.96 560.68 560.56 560.44 560.39 560.3 560 559.87 559.6 559.41 559.14 558.98 558.62 558.62 558.38 558 557.65 557.09 556.7 556.1 555.67 555.12 554.87 554.87 554.5 554.29 553.81 553.68 553.31 553.18 553.05 553.16 553.16 553.14 553.15 553.08 553.02 552.97 552.93 552.91 553 553 553.11 553.08 553.15 553.12 553.08 553.11 553.07 553.09 553.06 553.08 553.08 553.1 553.05 553.01 553.03 553.05 553.17
-9999 562.4 562.2 562.14 562.03 561.9 561.82 561.64 561.56 561.41 561.41 561.21 561.11 561 560.79 560.65 560.44 560.39 560.15 559.98 559.98 559.73 559.5 559.23 559.07 558.76 558.49 558.12 557.82 557.46 557.29 556.93 556.32 555.96 555.35 555.06 554.81 554.42 554.21 553.82 553.82 553.53 553.34 553.05 552.99 553.1 553.12 553.04 553 552.92 552.95 552.87 552.91 552.85 552.82 552.99 552.92 553.04 553.02 553.03 553.03 552.97 553 552.96 553 552.97 553.01 552.92 552.95 552.92 552.92 553
-9999 562.37 562.17 562.08 561.94 561.94 561.91 561.71 561.62 561.44 561.39 561.21 561.1 560.88 560.73 560.73 560.52 560.42 560.27 560.1 559.83 559.61 559.39 559.14 559.14 558.84 558.6 558.24 557.97 557.46 557.12 556.77 556.18 555.84 555.59 555.27 554.81 554.57 554.36 553.97 553.81 553.5 553.34 553.05 553.05 553.1 552.94 552.58 552.95 552.89 552.87 552.73 552.68 552.66 552.66 552.82 552.76 552.89 552.83 552.95 552.81 552.92 552.87 552.77 552.92 552.85 552.9 552.85 552.86 552.83 552.74 552.81
-9999 562.46 562.22 562.13 562.03 561.97 561.8 561.66 561.63 561.53 561.45 561.31 561.18 560.97 560.84 560.7 560.53 560.43 560.2 560.2 559.93 559.74 559.39 559.2 559.08 558.73 558.48 558.07 557.85 557.66 557.3 556.99 556.4 556.08 555.49 555.22 554.77 554.52 554.11 554.11 553.95 553.65 553.49 553.21 553.12 552.84 552.79 553.03 552.88 552.88 552.88 552.75 552.62 552.58 552.63 552.56 552.5 552.67 552.67 552.76 552.67 552.77 552.7 552.77 552.67 552.58 552.71 552.61 552.76 552.69 552.74 552.69
-9999 562.42 562.22 562.22 562.04 562.01 561.91 561.75 561.63 561.56 561.48 561.3 561.22 561.09 560.92 560.7 560.63 560.52 560.32 560.15 559.86 559.64 559.29 559.29 559.08 558.83 558.6 558.22 558 557.49 557.19 556.61 556.27 556.27 555.71 555.4 554.97 554.71 554.29 554.09 553.79 553.61 553.41 553.33 553.16 553 552.83 552.97 552.45 552.63 552.71 552.65 552.61 552.61 552.52 552.47 552.5 552.46 552.43 552.52 552.46 552.51 552.45 552.59 552.49 552.58 552.5 552.44 552.52 552.46 552.52 552.48
-9999 562.42 562.31 562.23 562.08 562.05 561.9 561.77 561.68 561.65 561.58 561.4 561.31 561.1 560.98 560.73 560.62 560.41 560.41 560.27 559.99 559.75 559.42 559.23 558.95 558.76 558.39 558.14 558.14 557.69 557.38 556.87 556.46 555.94 555.59 555.34 554.91 554.91 554.45 554.24 553.92 553.75 553.41 553.27 553.2 552.98 552.82 552.72 552.76 552.63 552.77 552.62 552.62 552.51 552.37 552.31 552.37 552.37 552.43 552.38 552.32 552.36 552.32 552.39 552.31 552.38 552.32 552.32 552.37 552.31 552.37 552.3
-9999 562.42 562.42 562.23 562.16 562.1 562 561.88 561.74 561.65 561.5 561.4 561.4 561.22 561.11 560.87 560.75 560.49 560.31 560.11 559.93 559.7 559.57 559.38 559.07 558.87 558.55 558.34 558.05 557.57 557.25 556.66 556.66 556.13 555.82 555.34 555.13 554.9 554.41 554.25 553.92 553.78 553.57 553.48 553.2 553.1 552.99 552.71 552.6 552.64 552.13 552.59 552.59 552.48 552.42 552.33 552.28 552.24 552.29 552.24 552.27 552.21 552.21 552.26 552.23 552.21 552.17 552.24 552.18 552.12 552.15 552.15
-9999 562.45 562.31 562.15 562.14 562 561.93 561.93 561.76 561.7 561.57 561.49 561.32 561.23 561.09 560.88 560.88 560.58 560.42 560.19 560.02 559.7 559.48 559.27 559 558.8 558.68 558.48 558.05 557.77 557.44 556.91 556.57 556.01 555.75 555.31 555.31 554.9 554.67 554.46 554.13 553.98 553.65 553.56 553.27 553.17 553.17 552.89 552.75 552.45 552.51 552.3 552.36 552.39 552.39 552.28 552.21 552.1 552.16 552.12 552.16 552.12 552.06 552.14 552.08 552.1 552.1 552.13 552.08 552.12 552.03 551.92
-9999 562.48 562.35 562.22 562.1 562.01 561.92 561.79 561.68 561.58 561.46 561.46 561.37 561.21 561.09 560.89 560.72 560.49 560.25 560.04 559.86 559.81 559.57 559.33 559.09 558.9 558.57 558.34 557.96 557.67 557.12 557.12 556.76 556.22 555.91 555.52 555.27 554.88 554.66 554.33 554.2 554.2 553.87 553.74 553.47 553.35 553.06 552.89 552.75 552.45 552.45 552.47 552.1 552.36 552.36 552.28 552.16 552.06 552 551.96 552.02 551.98 552.06 551.98 551.94 551.97 551.92 551.96 551.88 551.91 551.91 551.92
-9999 562.37 562.28 562.12 562 561.98 561.89 561.79 561.65 561.54 561.5 561.4 561.28 561.15 561 561 560.72 560.54 560.35 560.07 559.87 559.6 559.41 559.17 558.97 558.97 558.68 558.44 558.09 557.81 557.3 556.95 556.4 556.08 555.84 555.68 555.46 555.05 554.86 554.48 554.33 554.1 553.83 553.68 553.46 553.46 553.2 553.06 552.75 552.61 552.47 552.33 552.48 552.31 552.15 552.31 552.16 552.06 551.98 551.88 551.91 551.85 551.89 551.87 551.89 551.89 551.86 551.84 551.8 551.78 551.73 551.75
-9999 562.42 562.4 562.18 562.14 561.93 561.94 561.73 561.67 561.49 561.49 561.47 561.31 561.28 561.03 560.9 560.64 560.48 560.13 559.97 559.97 559.65 559.44 559.21 559.03 558.75 558.53 558.41 557.97 557.97 557.47 557.2 556.64 556.36 555.84 555.65 555.42 555.02 554.82 554.63 554.45 554.1 553.91 553.81 553.51 553.38 553.15 553.02 552.8 552.8 552.47 552.32 552.19 552.4 551.72 552.08 552 551.99 551.86 551.86 551.82 551.76 551.82 551.78 551.84 551.81 551.82 551.78 551.74 551.77 551.72 551.64
-9999 562.45 562.27 562.2 562.2 562.06 562.02 561.83 561.77 561.65 561.55 561.43 561.37 561.27 561.19 561.1 560.78 560.64 560.3 560.1 559.94 559.59 559.43 559.14 559.14 558.86 558.71 558.41 558.23 558.02 557.57 557.29 556.68 556.45 556.13 555.9 555.42 555.27 555.07 554.66 554.53 554.08 554.01 553.66 553.66 553.58 553.27 553.18 552.92 552.76 552.45 552.25 552.09 552.01 552.01 552.19 551.89 551.92 551.86 551.78 551.69 551.63 551.7 551.7 551.77 551.74 551.78 551.72 551.74 551.71 551.64 551.56
-9999 562.51 562.37 562.28 562.16 562.1 561.99 561.83 561.83 561.73 561.62 561.54 561.48 561.27 561.17 561 560.76 560.58 560.43 560.2 559.94 559.73 559.57 559.31 559.16 558.9 558.77 558.44 558.44 558.02 557.83 557.58 557.04 556.77 556.22 556.01 555.53 555.38 555.38 554.93 554.78 554.4 554.25 553.89 553.84 553.48 553.42 553.31 553.09 553.02 552.57 552.39 552.06 551.91 551.78 551.9 551.46 551.78 551.78 551.79 551.68 551.63 551.56 551.54 551.58 551.54 551.62 551.56 551.66 551.64 551.64 551.52
-9999 562.42 562.33 562.33 562.22 562.16 561.99 561.88 561.77 561.7 561.62 561.46 561.36 561.34 561.24 561.06 560.82 560.64 560.37 560.15 559.84 559.65 559.41 559.41 559.25 559 558.87 558.6 558.43 558.05 557.84 557.35 557.07 557.07 556.5 556.24 555.82 555.56 555.18 554.99 554.84 554.48 554.48 554.14 554.06 553.74 553.61 553.31 553.25 553.11 552.63 552.34 552.16 551.93 551.78 551.7 551.76 551.78 551.67 551.68 551.58 551.49 551.49 551.54 551.51 551.48 551.47 551.41 551.47 551.44 551.41 551.36
