data/realblocks/ka3.asc
NCOLS 100
NROWS 100
XLLCORNER 1506552
YLLCORNER 5533496
CELLSIZE 5
NODATA_VALUE -9999
[rows 0 to 31 of 100, columns 0 to 71 of 100]
-9999 -9999 -9999 -9999 -9999 -9999 -9999 -9999 -9999 -9999 -9999 -9999 -9999 -9999 -9999 -9999 493.3 -9999 493.15 492.98 -9999 -9999 492.94 492.93 -9999 492.97 493.1 493.26 493.26 493.51 493.74 493.77 -9999 -9999 494.4 -9999 -9999 494.99 495.26 -9999 495.45 495.69 495.87 -9999 496.01 496.07 -9999 496.21 496.41 496.52 496.52 496.65 496.83 496.89 497.06 497.23 497.26 497.42 -9999 497.53 497.62 -9999 497.78 497.81 497.76 -9999 497.82 497.88 497.79 497.79 497.88 497.95
491.61 491.8 492.19 492.29 492.46 492.72 492.95 493.11 493.29 493.43 493.41 493.44 493.48 493.47 493.45 493.43 493.31 493.15 492.97 492.97 492.92 492.83 492.75 492.86 492.87 492.95 492.94 493.11 493.28 493.34 493.54 493.77 493.8 494.13 494.4 494.47 494.77 495.02 495.02 495.27 495.49 495.51 495.7 495.87 495.84 495.96 496.03 496.28 496.24 496.37 496.51 496.52 496.71 496.89 496.88 497.1 497.26 497.29 497.41 497.5 497.5 497.6 497.75 497.68 497.7 497.69 497.61 497.62 497.71 497.72 497.64 497.83
491.61 491.77 492.14 492.29 492.4 492.72 492.93 492.93 493.2 493.38 493.37 493.37 493.41 493.42 493.42 493.3 493.17 493.01 492.98 492.79 492.75 492.66 492.75 492.66 492.7 492.83 492.76 492.92 493.09 493.09 493.33 493.56 493.87 493.87 494.2 494.52 494.56 494.82 495.07 495.08 495.29 495.51 495.56 495.7 495.84 495.78 495.88 496.05 496.05 496.25 496.39 496.55 496.55 496.78 497 497 497.19 497.26 497.3 497.38 497.48 497.46 497.6 497.68 497.58 497.53 497.61 497.54 497.5 497.55 497.55 497.58
491.56 491.9 491.9 492.27 492.49 492.59 492.75 493.02 493.16 493.3 493.31 493.26 493.28 493.35 493.3 493.17 493.03 493.01 492.8 492.68 492.59 492.59 492.52 492.56 492.56 492.61 492.75 492.74 492.9 493.12 493.15 493.33 493.6 493.67 494.02 494.28 494.56 494.62 494.9 495.08 495.17 495.37 495.53 495.53 495.68 495.77 495.78 495.91 496.13 496.2 496.28 496.46 496.51 496.71 496.9 496.89 497.08 497.17 497.3 497.27 497.32 497.46 497.46 497.54 497.42 497.42 497.46 497.41 497.27 497.4 497.43 497.26
491.44 491.69 492.04 492.15 492.38 492.59 492.7 492.99 493.16 493.23 493.26 493.26 493.26 493.25 493.22 493.06 493.02 492.85 492.63 492.63 492.55 492.45 492.35 492.44 492.49 492.4 492.58 492.74 492.68 492.95 493.16 493.16 493.39 493.73 493.73 494.07 494.37 494.4 494.68 494.93 495.17 495.18 495.36 495.52 495.48 495.63 495.78 495.85 496.05 496.2 496.24 496.37 496.6 496.6 496.84 496.95 496.99 497.06 497.17 497.15 497.25 497.33 497.48 497.42 497.39 497.35 497.27 497.23 497.27 497.15 497.14 497.26
491.44 491.62 491.99 492.15 492.25 492.52 492.86 492.86 493.11 493.19 493.14 493.17 493.2 493.11 493.16 493.06 492.88 492.69 492.66 492.48 492.37 492.25 492.35 492.21 492.28 492.37 492.37 492.53 492.71 492.71 492.97 493.17 493.2 493.45 493.79 493.87 494.15 494.4 494.48 494.74 494.96 494.96 495.2 495.37 495.48 495.48 495.69 495.9 495.9 496.12 496.31 496.33 496.47 496.69 496.72 496.86 496.99 497.02 497.09 497.15 497.16 497.19 497.37 497.37 497.24 497.18 497.19 497.19 497.04 497.07 497.07 497.05
491.35 491.49 491.8 492.1 492.39 492.45 492.65 492.96 492.98 493.06 493.14 493.07 493.04 493.11 493.03 492.9 492.74 492.74 492.52 492.32 492.17 492.21 492.09 492.01 492.16 492.19 492.35 492.32 492.51 492.74 492.74 492.96 493.2 493.27 493.6 493.9 493.9 494.24 494.53 494.53 494.77 495 495.04 495.24 495.35 495.39 495.59 495.74 495.96 496.02 496.19 496.33 496.42 496.65 496.72 496.81 496.9 496.98 496.98 497.03 497.07 497.11 497.23 497.31 497.15 497.17 497.11 497 496.92 496.95 496.91 496.8
491.18 491.49 491.66 491.98 492.35 492.35 492.58 492.88 492.98 492.96 492.99 492.98 492.98 492.95 492.91 492.74 492.74 492.57 492.37 492.21 492.17 492 491.89 492.01 491.94 491.97 492.13 492.13 492.33 492.56 492.76 492.76 493.01 493.33 493.33 493.64 493.96 494.08 494.34 494.58 494.64 494.88 495.04 495.12 495.26 495.44 495.44 495.66 495.86 495.86 496.06 496.27 496.46 496.46 496.74 496.88 496.87 496.94 496.97 497 497.03 497.11 497.09 497.19 497.15 497.07 497.05 496.89 496.89 496.73 496.68 496.57
-9999 491.32 491.77 491.77 492.1 492.37 492.52 492.68 492.9 492.86 492.87 492.92 492.93 492.87 492.8 492.74 492.62 492.43 492.37 492.26 492.01 491.81 491.81 491.71 491.83 491.76 491.91 492.09 492.14 492.36 492.57 492.56 492.83 493.06 493.4 493.5 493.87 494.08 494.22 494.46 494.7 494.7 494.97 495.14 495.14 495.28 495.5 495.56 495.71 495.93 495.96 496.19 496.33 496.43 496.65 496.78 496.87 496.88 496.91 497 496.91 497.04 497.14 497.14 497.1 496.98 496.94 496.85 496.74 496.58 496.67 496.57
491 491.18 491.54 491.87 491.92 492.28 492.52 492.56 492.77 492.83 492.83 492.79 492.76 492.76 492.76 492.7 492.52 492.52 492.25 492.05 491.82 491.78 491.66 491.51 491.55 491.76 491.72 491.89 492.14 492.17 492.35 492.57 492.57 492.9 493.27 493.34 493.6 494 494.27 494.34 494.52 494.75 494.84 494.99 495.12 495.19 495.39 495.56 495.59 495.83 496.02 496.02 496.26 496.48 496.48 496.67 496.82 496.84 496.89 496.89 496.96 496.91 497 497.08 497.04 496.89 496.94 496.73 496.6 496.58 496.43 496.34
490.81 491.18 491.3 491.65 491.94 491.94 492.33 492.66 492.67 492.75 492.74 492.67 492.72 492.69 492.62 492.55 492.48 492.38 492.1 491.88 491.82 491.62 491.41 491.51 491.46 491.49 491.65 491.65 491.89 492.11 492.11 492.35 492.62 492.69 493.09 493.34 493.42 493.86 494.06 494.15 494.4 494.63 494.84 494.87 495 495.2 495.2 495.44 495.64 495.64 495.87 496.06 496.13 496.29 496.52 496.56 496.74 496.84 496.84 496.83 496.82 496.82 496.91 497.01 497.04 496.93 496.74 496.67 496.67 496.48 496.28 496.19
-9999 490.99 491.39 491.5 491.71 492.08 492.2 492.42 492.67 492.63 492.61 492.67 492.59 492.59 492.5 492.5 492.43 492.17 491.94 491.91 491.64 491.46 491.42 491.27 491.35 491.24 491.51 491.64 491.61 491.92 492.11 492.08 492.38 492.69 492.77 493.17 493.63 493.63 493.99 494.27 494.33 494.47 494.7 494.75 494.9 495.07 495.27 495.34 495.47 495.68 495.71 495.92 496.13 496.17 496.41 496.6 496.6 496.78 496.85 496.85 496.81 496.91 496.86 496.94 496.91 496.83 496.62 496.6 496.49 496.27 496.17 496.19
-9999 490.84 491.14 491.23 491.58 491.94 491.94 492.27 492.5 492.53 492.53 492.49 492.5 492.42 492.48 492.36 492.25 492.22 491.94 491.78 491.46 491.46 491.21 491.02 491.04 491.04 491.21 491.4 491.68 491.68 491.82 492.09 492.09 492.47 492.91 493.1 493.33 493.8 493.94 494.2 494.33 494.44 494.66 494.75 494.77 494.97 495.22 495.22 495.36 495.6 495.78 495.78 495.99 496.26 496.31 496.47 496.66 496.71 496.76 496.75 496.77 496.81 496.86 496.77 496.8 496.66 496.66 496.46 496.32 496.32 496.18 496.03
490.51 490.51 490.97 491.29 491.39 491.62 492.02 492.06 492.31 492.42 492.34 492.37 492.43 492.42 492.34 492.26 492.25 492.07 491.85 491.55 491.55 491.27 490.96 490.83 490.91 491.01 490.96 491.17 491.39 491.42 491.63 491.86 491.94 492.27 492.84 493.1 493.32 493.75 493.94 494.09 494.33 494.56 494.56 494.69 494.84 494.92 495.06 495.24 495.3 495.47 495.62 495.7 495.9 496.07 496.31 496.39 496.56 496.71 496.66 496.67 496.73 496.73 496.71 496.75 496.67 496.71 496.42 496.22 496.31 496.18 495.99 495.87
-9999 490.69 490.81 491.18 491.39 491.45 491.82 492.08 492.08 492.23 492.29 492.29 492.28 492.28 492.23 492.21 492.1 491.93 491.7 491.66 491.31 491.14 491 490.83 490.73 490.76 490.96 490.9 491.1 491.37 491.37 491.69 492.01 492.17 492.53 493.03 493.27 493.55 493.98 494.22 494.3 494.44 494.61 494.67 494.77 494.92 495 495.14 495.3 495.34 495.55 495.75 495.75 495.99 496.22 496.26 496.45 496.56 496.52 496.56 496.63 496.65 496.58 496.67 496.67 496.5 496.27 496.22 496.13 496 495.86 495.86
-9999 490.5 490.89 490.89 491.2 491.5 491.5 491.83 492.06 492.03 492.17 492.18 492.11 492.15 492.23 492.13 491.99 491.77 491.77 491.47 491.2 491.14 490.82 490.65 490.6 490.6 490.66 490.89 490.91 491.18 491.47 491.49 491.77 492.17 492.39 492.95 493.27 493.52 493.99 494.25 494.25 494.43 494.56 494.68 494.68 494.87 495.03 495.03 495.21 495.42 495.46 495.59 495.84 495.86 496.09 496.26 496.29 496.43 496.52 496.51 496.47 496.52 496.52 496.49 496.44 496.28 496.28 496.1 496.01 495.83 495.77 495.69
-9999 490.13 490.59 490.96 491 491.24 491.59 491.6 491.84 492.03 491.97 492.01 492.03 492.03 492.03 492 492 491.79 491.54 491.32 491.26 490.92 490.64 490.49 490.5 490.54 490.45 490.69 490.91 490.95 491.32 491.49 491.57 492.03 492.56 492.56 493.13 493.73 493.91 494.12 494.33 494.4 494.52 494.62 494.63 494.83 494.94 495.09 495.11 495.28 495.46 495.47 495.64 495.88 495.88 496.15 496.32 496.32 496.41 496.44 496.37 496.44 496.42 496.35 496.3 496.34 496.07 495.84 495.9 495.83 495.62 495.47
-9999 489.92 490.42 490.74 490.74 491.07 491.42 491.63 491.63 491.83 491.92 491.92 491.97 491.96 491.85 491.95 491.82 491.61 491.36 491.32 491.09 490.7 490.44 490.44 490.29 490.31 490.31 490.45 490.64 490.99 490.99 491.43 491.72 491.94 492.28 492.84 493.09 493.38 493.91 493.99 494.26 494.4 494.46 494.52 494.7 494.7 494.81 494.95 495.02 495.1 495.28 495.46 495.46 495.67 495.98 496.02 496.16 496.31 496.27 496.32 496.37 496.27 496.23 496.25 496.25 496.11 495.85 495.85 495.75 495.56 495.44 495.4
-9999 490.12 490.31 490.53 490.79 490.88 491.22 491.44 491.47 491.63 491.78 491.83 491.77 491.77 491.85 491.75 491.62 491.37 491.37 491.11 490.8 490.8 490.44 490.27 490.03 490.16 490.26 490.14 490.39 490.69 490.83 491.28 491.65 491.94 492.17 492.69 493.09 493.24 493.73 494.07 494.07 494.33 494.47 494.47 494.56 494.73 494.79 494.83 495.02 495.04 495.18 495.34 495.39 495.54 495.86 496.02 496.07 496.19 496.23 496.23 496.21 496.17 496.17 496.13 496.04 495.84 495.82 495.66 495.59 495.45 495.44 495.2
-9999 490.05 490.31 490.36 490.71 490.88 490.98 491.27 491.47 491.47 491.59 491.64 491.57 491.66 491.66 491.6 491.6 491.41 491.15 490.88 490.83 490.48 490.21 490.02 490.03 489.83 489.9 490.05 490.05 490.55 491.05 491.05 491.35 491.8 492.02 492.35 492.93 493.42 493.5 493.77 494.09 494.17 494.37 494.47 494.48 494.65 494.79 494.75 494.88 495.07 495.07 495.25 495.42 495.5 495.69 495.91 495.92 496.1 496.14 496.14 496 496.08 496.04 495.88 495.81 495.84 495.63 495.52 495.39 495.39 495.22 495.12
-9999 489.69 490.13 490.44 490.44 490.74 491.07 491.08 491.28 491.46 491.4 491.46 491.57 491.44 491.47 491.54 491.4 491.2 490.9 490.88 490.6 490.24 489.96 489.96 489.76 489.7 489.7 489.78 490.15 490.34 490.69 491.07 491.25 491.62 492.02 492.08 492.61 493.16 493.16 493.54 493.89 494.17 494.2 494.34 494.54 494.54 494.68 494.81 494.83 494.93 495.12 495.19 495.33 495.5 495.6 495.78 495.92 495.99 496 495.96 495.96 495.87 495.81 495.74 495.74 495.61 495.46 495.46 495.37 495.21 495.08 495.09
489.35 489.89 489.95 490.22 490.48 490.53 490.85 491.08 491.13 491.28 491.4 491.34 491.37 491.39 491.39 491.33 491.19 491 490.99 490.66 490.36 490.01 489.93 489.7 489.44 489.53 489.55 489.43 489.88 490.34 490.45 490.96 491.36 491.36 491.8 492.26 492.26 492.76 493.24 493.35 493.59 493.95 493.93 494.2 494.36 494.56 494.59 494.68 494.83 494.81 494.99 495.19 495.21 495.4 495.62 495.62 495.82 495.93 495.87 495.9 495.88 495.73 495.62 495.66 495.51 495.38 495.42 495.34 495.17 495.09 495.08 494.94
489.19 489.67 489.67 490.02 490.31 490.6 490.6 490.9 491.13 491.13 491.21 491.26 491.16 491.27 491.25 491.11 490.99 491 490.73 490.44 490.36 490.08 489.69 489.4 489.4 489.25 489.2 489.49 489.49 489.98 490.65 490.88 491.09 491.53 491.63 491.9 492.37 492.56 493.02 493.35 493.44 493.73 493.98 493.98 494.24 494.43 494.43 494.56 494.65 494.83 494.83 495.02 495.2 495.28 495.45 495.64 495.66 495.77 495.87 495.75 495.72 495.73 495.59 495.47 495.33 495.33 495.23 495.13 494.94 495.01 494.83 494.72
489.02 489.34 489.76 489.87 490.08 490.37 490.47 490.72 490.92 490.91 491 491.04 491.16 491.07 491.04 491.11 491 490.79 490.52 490.52 490.15 489.77 489.44 489.42 489.18 488.97 488.91 489.16 489.16 489.76 490.23 490.88 491.07 491.47 491.63 491.83 492.29 492.73 492.73 493.21 493.52 493.63 493.75 494.04 494.07 494.27 494.39 494.36 494.52 494.66 494.66 494.89 495.05 495.28 495.31 495.48 495.66 495.7 495.71 495.69 495.69 495.56 495.45 495.3 495.31 495.17 495.01 494.9 494.94 494.76 494.63 494.66
489.02 489.23 489.65 489.87 489.93 490.19 490.51 490.51 490.74 490.88 490.84 490.95 490.95 490.86 490.95 490.92 490.83 490.6 490.56 490.22 489.92 489.48 489.44 489.14 488.94 488.97 488.81 488.93 489.29 489.29 490.04 490.71 490.93 491.17 491.52 492.01 492.17 492.45 492.92 493.1 493.33 493.63 493.65 493.87 494.07 494.1 494.2 494.37 494.37 494.5 494.71 494.74 494.9 495.12 495.19 495.32 495.51 495.62 495.59 495.63 495.54 495.4 495.26 495.3 495.08 494.92 495.01 494.83 494.69 494.55 494.55 494.41
488.96 489.39 489.39 489.75 489.96 490.02 490.23 490.52 490.56 490.73 490.84 490.73 490.76 490.86 490.75 490.7 490.59 490.59 490.36 490 489.57 489.57 489.23 488.93 488.93 488.71 488.69 488.73 489 489.51 489.82 490.47 490.93 491.05 491.41 491.72 491.82 492.31 492.75 492.75 493.13 493.52 493.67 493.67 493.9 494.04 494.05 494.24 494.35 494.37 494.52 494.74 494.8 495.04 495.19 495.22 495.42 495.49 495.49 495.5 495.39 495.24 495.24 495.06 494.9 494.9 494.75 494.63 494.45 494.51 494.35 494.17
488.87 489.15 489.54 489.59 489.82 490.02 490.03 490.37 490.56 490.57 490.63 490.64 490.64 490.63 490.65 490.49 490.55 490.33 490.07 490.03 489.69 489.33 488.99 488.93 488.7 488.49 488.53 488.73 488.85 489.38 490.13 490.13 490.65 491.13 491.13 491.49 491.98 492.05 492.39 492.89 492.86 493.25 493.46 493.42 493.68 493.89 494.05 494.07 494.2 494.37 494.38 494.54 494.79 494.79 495.04 495.26 495.28 495.39 495.45 495.36 495.39 495.21 495.06 494.86 494.85 494.68 494.52 494.41 494.45 494.27 494.16 494.17
-9999 489.05 489.37 489.37 489.65 489.84 490.15 490.15 490.34 490.47 490.44 490.54 490.55 490.43 490.55 490.49 490.33 490.07 490.07 489.75 489.41 489.02 489.02 488.72 488.48 488.29 488.37 488.57 488.97 488.97 489.69 490.28 490.47 490.8 491.21 491.26 491.69 492.05 492.16 492.55 492.91 492.91 493.17 493.42 493.42 493.64 493.83 493.84 494.03 494.18 494.4 494.4 494.66 494.87 494.94 495.07 495.28 495.27 495.31 495.36 495.22 495.01 494.85 494.85 494.65 494.45 494.27 494.35 494.25 494.04 494.09 493.96
488.78 488.96 489.15 489.45 489.51 489.72 489.89 489.99 490.19 490.27 490.44 490.37 490.29 490.43 490.34 490.26 490.07 490.07 489.83 489.44 489.11 489.07 488.71 488.51 488.52 488.29 488.18 488.48 488.76 489.01 489.5 490.17 490.47 490.54 490.94 491.36 491.36 491.77 492.24 492.24 492.54 492.84 492.84 493.18 493.45 493.41 493.6 493.84 493.8 493.96 494.2 494.2 494.43 494.72 494.94 494.92 495.16 495.22 495.22 495.19 495 494.84 494.83 494.65 494.42 494.47 494.27 494.12 494.02 494.04 493.87 493.72
488.64 488.96 489.02 489.38 489.52 489.52 489.77 490.07 490.07 490.19 490.23 490.13 490.23 490.22 490.18 490.06 490.1 489.84 489.58 489.19 489.11 488.82 488.53 488.51 488.25 488.07 488.23 488.23 488.72 489.26 489.48 489.79 490.26 490.34 490.63 491.03 491.45 491.51 491.86 492.25 492.25 492.55 492.84 492.87 493.17 493.37 493.37 493.58 493.77 493.77 493.98 494.22 494.18 494.45 494.7 494.71 494.97 495.1 495.13 494.99 494.99 494.84 494.65 494.45 494.42 494.24 494.06 493.94 493.94 493.86 493.71 493.49
-9999 488.82 489.12 489.12 489.36 489.54 489.58 489.81 490.04 489.95 490.03 490.13 490.03 490.03 489.95 489.95 489.83 489.61 489.58 489.27 488.89 488.55 488.55 488.32 488.08 487.87 488.03 488.48 488.75 489.25 489.48 489.65 490.05 490.34 490.37 490.82 491.2 491.2 491.59 491.96 492.28 492.28 492.56 492.86 492.86 493.15 493.35 493.35 493.58 493.76 493.74 493.99 494.18 494.18 494.49 494.77 494.77 494.91 494.92 494.92 494.81 494.59 494.42 494.42 494.23 494.01 493.79 493.82 493.77 493.61 493.64 493.49
488.5 488.65 488.9 489.2 489.22 489.38 489.58 489.67 489.84 489.88 489.88 489.93 489.92 489.92 489.85 489.8 489.62 489.64 489.33 489.03 488.64 488.6 488.29 488.06 487.86 487.87 487.84 488.42 488.75 488.98 489.44 489.75 489.75 490.11 490.48 490.58 490.85 491.28 491.4 491.73 492.01 491.99 492.29 492.58 492.9 492.85 493.13 493.35 493.3 493.48 493.77 493.77 493.96 494.23 494.23 494.51 494.8 494.71 494.84 494.78 494.61 494.39 494.42 494.2 493.98 493.8 493.79 493.59 493.54 493.61 493.37 493.23
