data/realblocks/ka3.asc
NCOLS 100
NROWS 100
XLLCORNER 1506552
YLLCORNER 5533496
CELLSIZE 5
NODATA_VALUE -9999
[rows 32 to 63 of 100, columns 0 to 71 of 100]
488.35 488.35 488.78 489.07 489.21 489.21 489.44 489.65 489.66 489.79 489.84 489.74 489.81 489.81 489.66 489.58 489.62 489.4 489.09 488.69 488.69 488.31 488.05 488.05 487.81 487.65 488.01 488.01 488.7 489.2 489.32 489.56 489.88 489.96 490.29 490.58 490.66 491.07 491.4 491.41 491.72 491.97 491.97 492.27 492.67 492.64 492.9 493.07 493.24 493.21 493.49 493.75 493.75 493.99 494.28 494.35 494.6 494.71 494.65 494.62 494.38 494.38 494.17 493.95 493.95 493.78 493.57 493.38 493.45 493.36 493.19 492.96
-9999 488.55 488.65 488.94 489.07 489.02 489.26 489.51 489.66 489.59 489.66 489.74 489.64 489.6 489.54 489.54 489.37 489.1 488.78 488.74 488.35 488.02 488.02 487.81 487.61 487.52 487.76 487.95 488.56 489.12 489.32 489.45 489.69 489.96 490.04 490.37 490.77 490.77 491.14 491.44 491.45 491.69 491.99 492.04 492.36 492.64 492.57 492.76 492.99 492.96 493.21 493.48 493.75 493.75 494.08 494.39 494.39 494.5 494.53 494.53 494.41 494.19 493.95 493.95 493.74 493.54 493.36 493.38 493.21 493.12 493 493
-9999 488.4 488.65 488.74 488.92 489.05 489.05 489.36 489.46 489.47 489.57 489.58 489.51 489.38 489.47 489.33 489.11 489.12 488.78 488.45 488.03 488.02 487.76 487.56 487.38 487.38 487.63 488.19 488.47 488.86 489.19 489.3 489.52 489.79 490.09 490.17 490.48 490.81 490.88 491.17 491.45 491.42 491.72 492.04 492.08 492.33 492.54 492.54 492.71 492.95 492.93 493.2 493.5 493.53 493.82 494.15 494.39 494.29 494.44 494.38 494.21 493.96 493.95 493.69 493.52 493.32 493.32 493.16 493.05 493.05 492.96 492.76
488.17 488.17 488.47 488.79 488.76 488.92 489.16 489.19 489.29 489.47 489.42 489.39 489.46 489.36 489.25 489.09 489.09 488.84 488.51 488.08 488.08 487.76 487.55 487.34 487.37 487.35 487.48 487.8 488.47 488.66 488.99 489.3 489.28 489.55 489.86 489.86 490.22 490.61 490.92 490.92 491.19 491.42 491.42 491.73 492.03 491.97 492.26 492.47 492.42 492.66 492.93 492.93 493.23 493.53 493.52 493.83 494.12 494.12 494.16 494.12 493.96 493.96 493.7 493.49 493.3 493.31 493.12 492.93 492.99 492.91 492.69 492.55
-9999 488.3 488.36 488.64 488.76 488.79 489.03 489.15 489.15 489.29 489.32 489.32 489.28 489.16 488.99 489.06 488.88 488.59 488.22 488.16 487.79 487.49 487.56 487.34 487.12 487.19 487.48 487.59 488.23 488.69 488.69 488.99 489.27 489.28 489.56 489.89 489.96 490.27 490.6 490.67 490.92 491.15 491.15 491.45 491.75 491.97 491.93 492.16 492.42 492.36 492.6 492.93 492.93 493.2 493.49 493.47 493.85 493.92 493.78 493.79 493.91 493.66 493.4 493.44 493.3 493.11 492.92 492.93 492.78 492.68 492.51 492.51
-9999 488.19 488.29 488.45 488.62 488.8 488.8 489 489.15 489.08 489.2 489.2 489.06 488.97 488.99 488.8 488.63 488.32 488.32 487.9 487.51 487.51 487.3 487.12 486.91 486.96 487.26 487.77 487.93 488.34 488.61 488.66 488.96 489.28 489.33 489.68 489.96 490.02 490.39 490.68 490.68 490.92 491.14 491.15 491.47 491.64 491.64 491.92 492.17 492.39 492.34 492.67 492.91 492.94 493.15 493.47 493.4 493.58 493.78 493.59 493.58 493.38 493.38 493.18 493.07 492.88 492.9 492.74 492.59 492.47 492.48 492.39
-9999 487.94 488.29 488.34 488.49 488.63 488.67 488.8 488.93 489.08 488.99 488.99 488.88 488.88 488.78 488.62 488.62 488.35 487.97 487.64 487.55 487.25 487.07 486.88 486.91 486.75 487.09 487.49 487.49 487.96 488.29 488.66 488.66 489 489.36 489.36 489.75 490.08 490.16 490.4 490.69 490.64 490.86 491.15 491.22 491.4 491.64 491.61 491.81 492.12 492.12 492.36 492.59 492.88 492.88 493.13 493.31 493.31 493.4 493.41 493.21 493.33 493.11 492.89 492.81 492.88 492.71 492.53 492.59 492.45 492.27 492.12
-9999 487.82 488.13 488.31 488.31 488.48 488.65 488.63 488.78 488.85 488.8 488.89 488.83 488.72 488.56 488.59 488.4 488.11 487.75 487.64 487.33 487.04 486.85 486.85 486.68 486.81 486.81 487.15 487.56 487.61 487.92 488.29 488.33 488.71 489.06 489.44 489.48 489.78 490.16 490.16 490.42 490.64 490.63 490.86 491.16 491.16 491.36 491.64 491.53 491.8 492.06 492.04 492.37 492.61 492.51 492.76 493.05 493.18 493.08 493.1 493.21 493 492.85 492.73 492.73 492.66 492.52 492.52 492.4 492.27 492.05 492.08
-9999 487.89 487.97 488.16 488.29 488.31 488.47 488.63 488.6 488.69 488.8 488.69 488.63 488.54 488.54 488.4 488.16 487.84 487.84 487.41 487.05 487.05 486.84 486.66 486.45 486.61 486.9 486.96 487.3 487.61 487.64 488 488.38 488.38 488.73 489.17 489.17 489.54 489.87 490.18 490.18 490.41 490.61 490.61 490.86 491.12 491.09 491.39 491.53 491.58 491.77 492.04 492.06 492.29 492.47 492.47 492.73 492.85 492.71 492.92 492.91 492.79 492.79 492.64 492.57 492.42 492.52 492.33 492.16 492.03 492.05 491.83
-9999 487.71 487.97 488.01 488.14 488.31 488.29 488.43 488.56 488.56 488.61 488.59 488.45 488.46 488.35 488.22 487.98 487.9 487.63 487.2 487.12 486.83 486.57 486.44 486.45 486.42 486.7 487 487 487.33 487.69 487.69 488.01 488.42 488.48 488.79 489.19 489.27 489.58 489.89 489.89 490.12 490.31 490.61 490.59 490.81 491.09 491.07 491.25 491.51 491.51 491.73 492.02 492.02 492.23 492.43 492.42 492.62 492.71 492.59 492.6 492.7 492.5 492.41 492.32 492.42 492.24 492.08 492 492 491.83 491.68
-9999 487.42 487.8 488 488 488.15 488.26 488.23 488.42 488.5 488.42 488.39 488.45 488.28 488.17 488.22 488.03 487.72 487.29 487.29 486.9 486.66 486.38 486.41 486.24 486.52 486.52 486.76 487.05 487.09 487.41 487.74 487.73 488.11 488.48 488.49 488.91 489.28 489.28 489.61 489.91 489.91 490.11 490.32 490.29 490.53 490.74 490.98 490.96 491.21 491.43 491.44 491.73 492.02 491.88 492.14 492.42 492.29 492.39 492.47 492.47 492.38 492.32 492.12 492.26 492.2 491.98 492.04 491.91 491.83 491.64 491.64
-9999 487.29 487.63 487.82 487.81 487.97 488.1 488.23 488.24 488.32 488.42 488.34 488.26 488.13 488.13 488.01 487.75 487.5 487.4 487 486.74 486.4 486.38 486.19 486.02 486.25 486.35 486.54 486.86 487.09 487.16 487.46 487.82 487.82 488.24 488.64 488.64 489.03 489.37 489.34 489.56 489.86 489.79 490.02 490.29 490.24 490.45 490.67 490.67 490.92 491.15 491.44 491.47 491.67 491.87 491.87 492.07 492.23 492.07 492.28 492.3 492.1 492.04 492.12 491.99 491.91 491.98 491.79 491.67 491.6 491.6 491.44
-9999 487.41 487.41 487.67 487.82 487.82 487.95 488.08 488.1 488.22 488.26 488.19 488.05 488.06 487.99 487.78 487.57 487.5 487.19 486.8 486.74 486.47 486.17 486.01 486.01 486.07 486.35 486.34 486.61 486.91 486.95 487.24 487.52 487.9 488.01 488.29 488.74 488.83 489.1 489.34 489.37 489.59 489.75 489.75 490.01 490.19 490.19 490.44 490.64 490.63 490.82 491.17 491.19 491.43 491.63 491.85 491.75 491.89 492.07 491.93 491.98 492.1 491.9 491.87 491.85 491.85 491.75 491.62 491.49 491.56 491.42 491.29
486.84 487.13 487.51 487.51 487.65 487.82 487.77 487.9 488.1 488.03 488.06 488 488 487.82 487.74 487.6 487.6 487.3 486.86 486.86 486.54 486.17 485.96 485.95 485.83 485.88 486.14 486.34 486.39 486.67 486.95 487 487.35 487.74 487.74 488.12 488.5 488.83 488.83 489.12 489.34 489.31 489.53 489.69 489.73 489.92 490.22 490.11 490.36 490.63 490.59 490.88 491.17 491.17 491.33 491.58 491.58 491.7 491.78 491.79 491.79 491.76 491.71 491.53 491.72 491.69 491.51 491.45 491.49 491.37 491.25 491.29
486.84 487.01 487.35 487.51 487.49 487.65 487.72 487.72 487.89 487.99 487.87 487.93 487.83 487.65 487.68 487.59 487.38 487.04 487 486.7 486.34 485.97 485.96 485.77 485.65 485.88 485.92 486.16 486.43 486.43 486.72 487.06 487.15 487.43 487.84 487.88 488.3 488.53 488.56 488.78 489.12 489.31 489.33 489.45 489.73 489.65 489.86 490.11 490.11 490.34 490.54 490.58 490.9 491.07 491 491.27 491.46 491.32 491.43 491.68 491.52 491.5 491.42 491.53 491.42 491.4 491.51 491.35 491.33 491.22 491.22 491.12
486.75 486.86 487.14 487.34 487.52 487.45 487.57 487.69 487.67 487.83 487.87 487.73 487.59 487.65 487.47 487.37 487.14 487.14 486.79 486.39 486.09 486.04 485.78 485.55 485.52 485.67 485.89 485.94 486.17 486.46 486.5 486.85 487.15 487.22 487.6 487.88 487.95 488.31 488.56 488.56 488.84 489.06 489.11 489.27 489.47 489.38 489.55 489.82 490.1 490.03 490.3 490.58 490.51 490.72 491 490.95 491.1 491.28 491.28 491.36 491.36 491.23 491.32 491.36 491.23 491.35 491.29 491.2 491.03 491.14 491.05 490.89
486.6 486.86 486.96 487.16 487.35 487.35 487.37 487.49 487.67 487.6 487.65 487.57 487.57 487.44 487.33 487.17 487.16 486.88 486.61 486.5 486.09 485.83 485.57 485.55 485.31 485.45 485.69 485.69 485.93 486.23 486.54 486.54 486.89 487.28 487.28 487.62 488 488.09 488.33 488.61 488.61 488.86 489.11 488.96 489.17 489.38 489.3 489.52 489.76 489.76 489.98 490.27 490.48 490.48 490.67 490.88 490.82 491.08 491.14 491.1 491.27 491.23 491.1 491.09 491.23 491.05 491.06 491.01 491.01 490.9 490.8 490.62
-9999 486.73 486.97 486.97 487.15 487.27 487.19 487.31 487.44 487.39 487.45 487.54 487.39 487.24 487.29 487.17 486.96 486.68 486.61 486.3 485.89 485.6 485.6 485.33 485.27 485.23 485.48 485.7 485.71 485.98 486.25 486.27 486.64 486.93 487.31 487.41 487.78 488.09 488.09 488.4 488.62 488.62 488.84 488.95 488.95 489.09 489.26 489.25 489.53 489.71 489.68 489.99 490.19 490.18 490.31 490.63 490.82 490.79 490.91 491.1 490.98 490.99 490.98 490.98 490.95 490.98 490.83 490.89 490.8 490.61 490.71 490.62
486.48 486.57 486.78 486.99 486.94 487.04 487.19 487.14 487.27 487.29 487.29 487.32 487.23 487.23 487.09 486.96 486.73 486.73 486.38 486.02 485.74 485.64 485.35 485.05 485.07 485.23 485.29 485.44 485.71 485.71 486.02 486.33 486.33 486.73 487.06 487.19 487.49 487.84 488.1 488.1 488.41 488.59 488.56 488.73 488.9 488.76 489 489.25 489.24 489.4 489.67 489.67 489.94 490.08 490.08 490.28 490.56 490.46 490.71 490.84 490.84 490.71 490.83 490.81 490.69 490.82 490.83 490.65 490.56 490.61 490.51 490.39
486.34 486.57 486.61 486.8 486.93 486.93 486.96 487.11 487.11 487.22 487.25 487.16 487.17 487.05 486.91 486.77 486.78 486.52 486.19 485.81 485.74 485.44 485.11 485.05 484.84 485.03 485.25 485.25 485.45 485.74 485.78 486.06 486.38 486.42 486.76 487.19 487.2 487.56 487.86 487.83 488.1 488.33 488.56 488.55 488.64 488.75 488.75 488.99 489.19 489.19 489.32 489.68 489.57 489.82 490.04 490.01 490.18 490.46 490.4 490.49 490.54 490.54 490.57 490.57 490.69 490.49 490.48 490.46 490.46 490.4 490.33 490.2
-9999 486.43 486.63 486.63 486.78 486.82 486.78 486.95 487.07 487.04 487.11 487.16 487.03 486.88 486.77 486.77 486.55 486.24 486.24 485.88 485.52 485.21 485.18 484.82 484.77 484.82 485.04 485.24 485.23 485.46 485.78 485.77 486.11 486.42 486.45 486.92 487.26 487.26 487.55 487.88 487.84 488.13 488.31 488.32 488.47 488.57 488.67 488.7 488.94 489.08 489.08 489.27 489.57 489.53 489.69 489.89 489.89 490.11 490.3 490.3 490.34 490.41 490.24 490.45 490.44 490.29 490.21 490.37 490.25 490.16 490.2 490.2
-9999 486.35 486.46 486.47 486.6 486.64 486.78 486.76 486.93 486.99 486.99 486.97 486.83 486.83 486.72 486.55 486.3 486.28 485.96 485.63 485.27 485.21 484.94 484.56 484.57 484.57 484.81 484.98 485.23 485.25 485.47 485.82 485.82 486.15 486.58 486.61 486.95 487.31 487.33 487.59 487.84 487.86 488.09 488.32 488.25 488.3 488.48 488.48 488.69 488.87 489.06 489.06 489.28 489.49 489.49 489.66 489.89 489.84 490.07 490.17 490.04 490.08 490.24 490.14 490.11 490.16 490.16 490.05 490.06 490.06 490.02 490
486.17 486.17 486.33 486.5 486.48 486.56 486.61 486.64 486.75 486.88 486.91 486.76 486.8 486.65 486.52 486.32 486.3 486.03 485.73 485.31 485.31 484.97 484.65 484.65 484.41 484.61 484.6 484.77 484.97 484.98 485.27 485.55 485.85 485.89 486.34 486.61 486.72 487.04 487.33 487.37 487.65 487.86 487.86 488.05 488.14 488.04 488.25 488.37 488.36 488.54 488.8 488.77 488.91 489.2 489.4 489.3 489.58 489.84 489.79 489.82 489.91 489.91 490.01 490.03 490.03 489.97 489.96 489.92 489.93 489.97 489.86 489.75
-9999 486.23 486.19 486.34 486.48 486.4 486.46 486.64 486.62 486.7 486.7 486.7 486.58 486.48 486.32 486.32 486.04 485.78 485.49 485.43 485.02 484.73 484.69 484.36 484.25 484.41 484.6 484.55 484.77 485.01 485.01 485.26 485.6 485.6 485.99 486.42 486.8 486.8 487.09 487.37 487.45 487.64 487.86 487.82 487.89 488.04 487.99 488.16 488.36 488.3 488.53 488.72 488.72 488.87 489.08 489 489.27 489.49 489.66 489.66 489.71 489.81 489.73 489.89 489.89 489.75 489.78 489.92 489.77 489.75 489.78 489.78
-9999 486.06 486.19 486.18 486.28 486.28 486.28 486.42 486.56 486.46 486.6 486.54 486.37 486.24 486.31 486.12 485.84 485.79 485.49 485.2 484.8 484.73 484.45 484.18 484.23 484.23 484.39 484.52 484.52 484.77 485.02 485.02 485.31 485.69 485.78 486.16 486.49 486.52 486.84 487.17 487.45 487.43 487.6 487.82 487.72 487.79 487.92 487.92 488.1 488.27 488.23 488.48 488.65 488.59 488.81 489 488.97 489.23 489.49 489.31 489.45 489.55 489.73 489.56 489.64 489.65 489.65 489.67 489.68 489.68 489.66 489.63
-9999 485.89 486.03 486.15 486.07 486.16 486.23 486.2 486.35 486.46 486.38 486.33 486.37 486.19 486.08 485.87 485.87 485.6 485.28 485 484.85 484.51 484.25 483.98 484.05 484.23 484.18 484.33 484.52 484.49 484.78 485.02 485.1 485.45 485.86 485.86 486.24 486.53 486.59 486.89 487.15 487.13 487.4 487.56 487.62 487.54 487.74 487.89 487.84 487.99 488.23 488.17 488.34 488.59 488.52 488.73 488.93 488.93 489.2 489.21 489.13 489.37 489.43 489.35 489.4 489.56 489.62 489.53 489.59 489.59 489.5 489.46
-9999 485.73 485.8 485.95 485.95 485.92 485.97 486.19 486.19 486.22 486.25 486.25 486.16 486.06 485.88 485.88 485.59 485.38 485.05 485 484.68 484.31 484.25 484.02 483.87 484.02 484.02 484.15 484.33 484.6 484.6 484.78 485.14 485.27 485.56 485.92 485.99 486.29 486.59 486.61 486.88 487.13 487.13 487.29 487.35 487.35 487.45 487.6 487.74 487.74 487.9 488.07 488.07 488.29 488.48 488.41 488.7 488.94 488.86 488.93 489.13 489.09 489.17 489.35 489.25 489.34 489.34 489.34 489.39 489.39 489.37 489.37
-9999 485.65 485.59 485.76 485.86 485.73 485.83 485.99 485.98 486 486.15 486.11 485.96 485.82 485.88 485.64 485.38 485.12 485.12 484.76 484.37 484.37 484.05 483.8 483.69 483.81 483.98 483.93 484.14 484.29 484.36 484.6 484.91 485.27 485.36 485.73 485.99 486.07 486.34 486.63 486.63 486.92 487.13 487.06 487.17 487.26 487.15 487.41 487.56 487.48 487.63 487.82 487.84 488.03 488.2 488.41 488.42 488.64 488.86 488.73 488.85 489.05 489.05 489.1 489.15 489.13 489.28 489.34 489.22 489.22 489.35 489.21
-9999 485.51 485.59 485.55 485.62 485.73 485.58 485.76 485.89 485.89 485.91 485.89 485.75 485.8 485.64 485.43 485.43 485.15 484.84 484.59 484.44 484.11 483.85 483.66 483.69 483.66 483.82 483.93 483.93 484.1 484.38 484.38 484.65 485.05 485.1 485.41 485.77 486.08 486.15 486.4 486.67 486.65 486.87 487.06 486.93 487.01 487.15 487.06 487.31 487.43 487.43 487.57 487.74 487.72 487.99 488.12 488.11 488.39 488.55 488.65 488.6 488.78 488.91 488.82 488.91 489.13 489.1 489.19 489.22 489.12 489.14 489.16
-9999 485.27 485.38 485.49 485.49 485.48 485.55 485.52 485.72 485.79 485.68 485.81 485.75 485.57 485.44 485.43 485.22 484.98 484.66 484.59 484.31 483.96 483.65 483.65 483.56 483.65 483.65 483.75 483.92 483.9 484.13 484.42 484.47 484.86 485.1 485.17 485.58 485.88 485.88 486.18 486.42 486.65 486.61 486.75 486.83 486.83 486.9 487.05 487.05 487.23 487.36 487.29 487.55 487.72 487.71 487.82 488.11 488.1 488.23 488.41 488.41 488.55 488.61 488.71 488.71 488.89 489.07 489.07 489.09 489.09 488.99 489.08
-9999 485.2 485.17 485.35 485.39 485.2 485.28 485.52 485.45 485.56 485.68 485.57 485.55 485.42 485.42 485.22 484.99 484.78 484.74 484.41 484.14 484.05 483.7 483.51 483.39 483.51 483.63 483.58 483.72 483.9 483.98 484.21 484.56 484.56 484.91 485.27 485.27 485.58 485.88 485.91 486.17 486.36 486.36 486.52 486.67 486.74 486.68 486.85 487.05 486.97 487.09 487.29 487.28 487.44 487.6 487.6 487.86 488.05 487.99 488.17 488.33 488.25 488.44 488.56 488.56 488.71 488.93 489.01 488.93 488.93 488.99 488.96
-9999 485 485 485.12 485.1 485.2 485.1 485.23 485.39 485.39 485.45 485.44 485.33 485.36 485.22 485.03 484.82 484.78 484.56 484.24 484.14 483.86 483.52 483.35 483.35 483.33 483.46 483.58 483.58 483.73 483.99 483.99 484.3 484.67 484.72 484.93 485.35 485.36 485.65 485.91 485.89 486.12 486.31 486.31 486.42 486.44 486.44 486.55 486.75 486.87 486.87 487.05 487.2 487.17 487.4 487.57 487.56 487.8 487.99 487.88 488.07 488.25 488.19 488.37 488.47 488.47 488.75 488.87 488.79 488.88 488.88 488.87
