data/realblocks/ka3.asc
NCOLS 100
NROWS 100
XLLCORNER 1506552
YLLCORNER 5533496
CELLSIZE 5
NODATA_VALUE -9999
[rows 64 to 95 of 100, columns 0 to 71 of 100]
-9999 484.84 484.94 484.87 484.99 484.95 484.83 484.98 485.2 485.29 485.22 485.22 485.33 485.14 485.01 485.03 484.84 484.6 484.34 484.34 483.96 483.62 483.35 483.35 483.25 483.15 483.28 483.41 483.37 483.53 483.76 484.04 484.1 484.5 484.72 484.74 485.07 485.38 485.38 485.64 485.88 485.88 486.12 486.2 486.14 486.34 486.39 486.34 486.45 486.7 486.58 486.76 486.94 487.17 487.13 487.26 487.56 487.53 487.7 487.88 487.88 488.02 488.18 488.12 488.36 488.47 488.54 488.78 488.79 488.77 488.8 488.84
-9999 484.61 484.71 484.87 484.74 484.74 484.77 484.77 484.94 485.05 485.05 485.11 485.09 484.97 484.97 484.86 484.63 484.42 484.39 484.09 483.82 483.46 483.35 483.2 483.06 483.15 483.14 483.26 483.37 483.37 483.61 483.88 483.93 484.17 484.51 484.83 484.83 485.12 485.37 485.4 485.7 485.87 485.77 485.97 486.14 486.05 486.14 486.26 486.26 486.42 486.57 486.57 486.71 486.93 486.87 487.04 487.31 487.54 487.46 487.68 487.87 487.82 487.92 488.12 488.15 488.32 488.54 488.65 488.72 488.74 488.74 488.74
-9999 484.54 484.54 484.59 484.64 484.42 484.55 484.7 484.68 484.89 484.96 484.9 484.88 484.95 484.79 484.63 484.45 484.42 484.2 483.91 483.82 483.54 483.21 483.03 483.03 482.98 483.12 483.1 483.22 483.4 483.45 483.67 483.93 483.97 484.26 484.55 484.6 484.88 485.17 485.4 485.39 485.62 485.79 485.79 485.88 485.95 485.95 486.03 486.21 486.13 486.3 486.48 486.46 486.66 486.87 486.8 487.07 487.29 487.29 487.4 487.59 487.82 487.72 487.91 488.13 488.13 488.35 488.61 488.63 488.63 488.71 488.69
-9999 484.39 484.44 484.35 484.45 484.42 484.28 484.41 484.68 484.62 484.73 484.78 484.78 484.73 484.61 484.45 484.46 484.25 484.01 483.99 483.64 483.28 483.05 483.02 482.88 482.79 482.96 483.1 483.03 483.24 483.45 483.49 483.77 484.06 484.06 484.33 484.65 484.68 484.94 485.15 485.16 485.38 485.59 485.71 485.55 485.77 485.82 485.74 485.91 486.13 486.03 486.23 486.45 486.45 486.61 486.81 486.81 487.03 487.22 487.15 487.39 487.55 487.49 487.71 487.88 488.17 488.22 488.58 488.63 488.62 488.61 488.69
-9999 484.11 484.19 484.19 484.2 484.14 484.15 484.15 484.41 484.53 484.43 484.62 484.63 484.47 484.56 484.45 484.26 484.02 484.01 483.78 483.44 483.09 483.09 482.85 482.69 482.79 482.81 482.95 483.06 483.06 483.29 483.51 483.54 483.82 484.06 484.09 484.39 484.68 484.72 484.94 485.16 485.18 485.31 485.41 485.41 485.49 485.55 485.69 485.69 485.86 486 485.94 486.2 486.39 486.32 486.55 486.77 486.72 486.95 487.15 487.11 487.31 487.45 487.45 487.71 488 488 488.33 488.57 488.6 488.6 488.61
-9999 483.81 483.99 484.04 483.9 483.84 483.94 483.84 484.06 484.3 484.43 484.35 484.36 484.47 484.3 484.21 484.04 484.04 483.8 483.53 483.26 483.17 482.89 482.71 482.71 482.59 482.6 482.74 482.88 482.9 483.12 483.3 483.54 483.61 483.86 484.09 484.12 484.46 484.74 484.74 484.96 485.13 485.06 485.26 485.3 485.23 485.29 485.45 485.39 485.59 485.75 485.94 485.94 486.1 486.32 486.26 486.45 486.77 486.77 486.86 487.11 487.02 487.28 487.49 487.55 487.78 488.1 488.32 488.48 488.54 488.62 488.65
483.63 483.81 483.74 483.74 483.77 483.77 483.65 483.76 483.76 483.97 484.11 484.02 484.21 484.17 484.12 483.98 484.03 483.86 483.62 483.58 483.26 483.01 482.71 482.71 482.51 482.41 482.61 482.61 482.69 482.9 482.92 483.13 483.35 483.37 483.62 483.9 484.18 484.29 484.48 484.72 484.75 484.86 485.06 485.01 485.07 485.23 485.12 485.18 485.41 485.41 485.49 485.69 485.65 485.91 486.04 486.02 486.22 486.45 486.73 486.67 486.91 487.02 486.99 487.26 487.55 487.59 487.98 488.42 488.42 488.54 488.66 488.7
-9999 483.53 483.55 483.55 483.56 483.55 483.33 483.5 483.69 483.61 483.75 484.02 483.89 483.87 483.86 483.86 483.8 483.63 483.62 483.4 483.1 482.77 482.77 482.54 482.29 482.22 482.42 482.54 482.52 482.71 482.92 482.9 483.13 483.37 483.43 483.7 484.02 484.02 484.3 484.48 484.74 484.74 484.82 484.89 484.89 484.94 485.04 484.96 485.15 485.3 485.24 485.42 485.65 485.67 485.8 486.02 485.99 486.22 486.42 486.42 486.67 486.74 487 487 487.37 487.73 487.9 488.18 488.45 488.38 488.62 488.7
483.35 483.23 483.41 483.38 483.24 483.21 483.33 483.16 483.34 483.51 483.51 483.68 483.76 483.76 483.72 483.74 483.58 483.62 483.42 483.2 482.91 482.85 482.55 482.36 482.31 482.22 482.25 482.34 482.52 482.53 482.74 482.94 482.94 483.17 483.46 483.46 483.73 484.04 484.05 484.28 484.48 484.43 484.53 484.7 484.8 484.68 484.76 484.96 484.93 484.98 485.18 485.18 485.36 485.6 485.6 485.8 485.96 486 486.24 486.46 486.37 486.54 486.79 486.79 487.29 487.46 487.9 488.05 488.26 488.38 488.51 488.73
483.02 483.02 483.06 483.02 483.07 483.07 483.01 483.08 483.08 483.28 483.46 483.39 483.6 483.6 483.48 483.51 483.58 483.4 483.2 482.95 482.95 482.63 482.38 482.38 482.11 482.05 482.2 482.2 482.33 482.52 482.54 482.73 482.98 482.98 483.17 483.46 483.5 483.87 484.05 484.09 484.22 484.37 484.37 484.47 484.53 484.47 484.58 484.69 484.84 484.84 484.99 485.17 485.17 485.38 485.58 485.54 485.68 486 486 486.16 486.36 486.36 486.54 486.88 486.88 487.26 487.61 487.72 488.06 488.25 488.56 488.51
-9999 482.85 482.7 482.75 482.88 482.73 482.7 482.84 483.03 482.96 483.13 483.39 483.29 483.32 483.37 483.37 483.36 483.18 483.18 482.99 482.7 482.47 482.42 482.2 481.96 481.89 482.06 482.03 482.16 482.36 482.54 482.57 482.81 482.98 483.01 483.28 483.57 483.57 483.84 484.06 484.03 484.17 484.28 484.21 484.37 484.47 484.36 484.47 484.65 484.64 484.72 484.92 485.17 485.22 485.33 485.49 485.49 485.75 485.97 485.97 486.12 486.31 486.29 486.56 486.91 486.91 487.28 487.72 487.68 487.92 488.24 488.24
-9999 482.54 482.7 482.53 482.58 482.57 482.57 482.55 482.71 482.62 482.87 483.07 483.2 483.2 483.22 483.23 483.09 483.15 482.98 482.79 482.53 482.47 482.24 482 481.75 481.75 481.9 482.01 482.01 482.15 482.39 482.39 482.6 482.79 483.09 483.09 483.33 483.64 483.62 483.8 484.03 483.93 484.08 484.21 484.15 484.22 484.25 484.25 484.44 484.54 484.52 484.75 484.95 484.91 485.09 485.3 485.42 485.43 485.73 485.86 485.88 486 486.29 486.27 486.61 486.92 486.92 487.36 487.56 487.56 487.88 488.13
482.4 482.4 482.39 482.43 482.28 482.45 482.33 482.21 482.38 482.62 482.57 482.77 482.98 482.86 482.91 482.97 483.09 482.94 482.81 482.58 482.58 482.31 482.09 482.09 481.82 481.72 481.69 481.83 481.96 481.97 482.2 482.39 482.42 482.61 482.91 482.91 483.16 483.44 483.62 483.63 483.8 483.88 483.88 483.99 484.08 483.99 484.12 484.26 484.16 484.32 484.52 484.49 484.69 484.91 484.79 484.98 485.15 485.15 485.4 485.66 485.79 485.79 485.98 486.28 486.28 486.61 486.9 486.98 487.27 487.53 487.49 487.65
-9999 482.24 482.07 482.11 482.28 482.13 482.03 482.21 482.12 482.31 482.51 482.51 482.67 482.72 482.65 482.82 482.86 482.7 482.6 482.6 482.38 482.16 482.09 481.87 481.66 481.56 481.69 481.66 481.79 481.99 481.99 482.22 482.43 482.43 482.66 482.96 482.99 483.22 483.43 483.39 483.55 483.71 483.84 483.74 483.82 483.99 483.88 484.02 484.16 484.1 484.24 484.44 484.44 484.58 484.73 484.62 484.86 485.13 485.11 485.42 485.56 485.52 485.72 485.98 486.28 486.3 486.58 486.98 486.81 487.15 487.41 487.41
-9999 481.95 482.07 481.91 481.98 481.94 481.94 481.89 482.04 481.99 482.22 482.45 482.36 482.42 482.65 482.57 482.61 482.7 482.59 482.44 482.19 482.19 481.97 481.73 481.49 481.49 481.51 481.64 481.64 481.82 482.04 482.06 482.24 482.45 482.5 482.73 482.99 483.01 483.2 483.36 483.36 483.47 483.61 483.61 483.71 483.75 483.82 483.82 483.93 484 483.94 484.16 484.33 484.28 484.42 484.62 484.59 484.83 485.11 485.13 485.36 485.47 485.47 485.71 486 485.92 486.22 486.59 486.8 486.8 487.08 487.16
-9999 481.76 481.77 481.63 481.67 481.81 481.62 481.58 481.77 481.99 481.93 482.13 482.36 482.21 482.37 482.46 482.46 482.49 482.4 482.2 482.22 481.98 481.77 481.58 481.52 481.36 481.33 481.49 481.64 481.61 481.84 482.06 482.07 482.26 482.49 482.49 482.77 483.01 483 483.19 483.3 483.29 483.46 483.52 483.46 483.49 483.66 483.61 483.64 483.72 483.94 483.89 484.02 484.28 484.18 484.36 484.54 484.54 484.82 485.13 485.08 485.25 485.48 485.42 485.69 485.92 485.9 486.19 486.48 486.36 486.61 486.67
-9999 481.41 481.44 481.46 481.46 481.5 481.39 481.32 481.47 481.67 481.61 481.89 482.03 482.14 482.07 482.28 482.38 482.22 482.19 482.2 482 481.77 481.77 481.58 481.36 481.21 481.21 481.36 481.51 481.46 481.64 481.89 481.92 482.09 482.3 482.54 482.57 482.76 483 482.97 483.11 483.29 483.22 483.3 483.35 483.35 483.39 483.49 483.37 483.53 483.66 483.63 483.82 483.97 484.14 484.1 484.32 484.6 484.56 484.8 485.08 484.97 485.19 485.42 485.34 485.6 485.85 485.85 486.05 486.28 486.14 486.4
-9999 481.28 481.17 481.3 481.35 481.22 481.34 481.32 481.21 481.36 481.61 481.57 481.7 481.83 481.83 481.98 482.08 482.1 482.1 481.93 481.78 481.78 481.63 481.39 481.22 481.18 481.16 481.17 481.31 481.46 481.48 481.73 481.92 481.9 482.11 482.35 482.35 482.61 482.82 482.94 482.94 483.06 483.15 483.03 483.18 483.25 483.21 483.4 483.37 483.29 483.39 483.63 483.62 483.74 483.87 483.87 484.04 484.3 484.26 484.54 484.74 484.94 484.94 485.09 485.36 485.33 485.58 485.8 485.71 485.92 486.14 485.98
-9999 481.1 481.17 481.01 481.06 481.22 481.03 481.05 481.14 481.14 481.31 481.49 481.41 481.6 481.78 481.69 481.92 481.96 481.83 481.71 481.77 481.63 481.48 481.25 481.22 481.02 481.01 481.14 481.14 481.32 481.53 481.53 481.74 481.97 481.98 482.17 482.43 482.42 482.6 482.79 482.69 482.79 482.98 483.03 482.98 483.05 483.21 483.11 483.14 483.25 483.25 483.39 483.53 483.47 483.67 483.8 483.78 484.03 484.26 484.26 484.45 484.7 484.67 484.76 485.03 485.33 485.26 485.45 485.71 485.64 485.74 485.84
-9999 480.79 480.87 480.89 480.89 480.93 480.91 480.8 480.94 481.06 481.03 481.28 481.41 481.34 481.46 481.69 481.64 481.67 481.65 481.65 481.58 481.44 481.3 481.31 481.06 480.84 480.84 480.98 481.18 481.17 481.34 481.58 481.56 481.79 481.98 481.97 482.22 482.38 482.38 482.54 482.64 482.64 482.74 482.84 482.77 482.95 482.98 483 482.89 483.04 483.17 483.13 483.35 483.47 483.39 483.56 483.78 483.73 484.01 484.2 484.2 484.43 484.59 484.48 484.75 485 484.96 485.19 485.37 485.51 485.41 485.61
-9999 480.49 480.61 480.74 480.63 480.72 480.65 480.8 480.69 480.79 481.03 480.95 481.07 481.26 481.26 481.41 481.51 481.45 481.59 481.52 481.35 481.39 481.3 481.11 480.87 480.83 480.66 480.92 481 481.17 481.21 481.39 481.58 481.58 481.76 481.97 481.97 482.19 482.37 482.36 482.5 482.62 482.61 482.67 482.77 482.73 482.77 482.72 482.72 482.81 482.92 483.13 483.06 483.17 483.34 483.34 483.52 483.74 483.73 484.03 484.17 484.15 484.37 484.48 484.49 484.66 484.96 484.82 485.04 485.21 485.21 485.24
-9999 480.45 480.45 480.49 480.51 480.51 480.51 480.55 480.45 480.6 480.69 480.86 480.83 481.05 481.18 481.13 481.26 481.45 481.32 481.28 481.35 481.23 481.11 480.89 480.89 480.62 480.67 480.71 480.84 481.02 481.04 481.23 481.35 481.59 481.54 481.73 481.98 481.97 482.21 482.36 482.32 482.46 482.59 482.59 482.63 482.66 482.66 482.7 482.64 482.54 482.72 482.85 482.79 482.97 483.14 483.3 483.28 483.49 483.73 483.76 483.91 484.15 484.09 484.27 484.45 484.45 484.66 484.8 484.7 484.96 485.04 484.95
-9999 480.28 480.35 480.22 480.4 480.39 480.29 480.32 480.45 480.35 480.43 480.62 480.62 480.78 480.93 481.13 481.1 481.2 481.2 481.2 481.17 481.1 480.91 480.91 480.68 480.38 480.48 480.71 480.61 480.79 481.04 481 481.14 481.33 481.33 481.53 481.79 481.99 481.99 482.2 482.33 482.33 482.44 482.5 482.42 482.54 482.62 482.44 482.38 482.54 482.46 482.61 482.77 482.77 482.91 483.06 483.06 483.23 483.52 483.71 483.71 483.86 483.99 483.94 484.18 484.37 484.38 484.54 484.7 484.59 484.73 484.95
-9999 480.01 480.08 480.22 480.11 480.16 480.2 480.2 480.2 480.24 480.24 480.39 480.57 480.52 480.72 480.9 480.86 481.01 481.11 481.11 480.94 480.87 480.91 480.68 480.42 480.38 480.26 480.51 480.57 480.57 480.78 480.93 480.97 481.14 481.34 481.4 481.61 481.79 481.85 482.03 482.19 482.3 482.3 482.35 482.42 482.31 482.35 482.28 482.28 482.29 482.41 482.41 482.58 482.71 482.65 482.83 483.02 483.03 483.28 483.47 483.47 483.64 483.74 483.94 483.9 484.11 484.38 484.24 484.39 484.6 484.6 484.62
-9999 479.94 479.94 479.98 480.02 479.91 480.06 480.11 480.01 480.12 480.21 480.19 480.34 480.52 480.51 480.68 480.83 480.83 480.89 480.88 480.88 480.77 480.65 480.46 480.46 480.1 480.3 480.28 480.42 480.58 480.6 480.78 480.97 480.95 481.19 481.4 481.44 481.66 481.86 481.86 482.02 482.18 482.15 482.24 482.27 482.22 482.22 482.18 482.14 482.07 482.21 482.37 482.38 482.5 482.65 482.59 482.75 483.02 483.02 483.25 483.43 483.43 483.55 483.65 483.6 483.85 484.07 484.2 484.15 484.33 484.45 484.29
-9999 479.75 479.65 479.73 479.89 479.91 479.84 479.91 480.01 479.94 480 480.14 480.14 480.31 480.48 480.44 480.64 480.72 480.59 480.76 480.69 480.53 480.39 480.46 480.23 479.93 480.18 480.28 480.2 480.37 480.6 480.56 480.78 481 481 481.25 481.48 481.54 481.74 481.93 481.92 482.01 482.15 482.05 482.06 482.1 482.03 481.97 481.93 482.07 482.01 482.16 482.3 482.3 482.41 482.58 482.58 482.78 483.04 482.99 483.21 483.39 483.34 483.37 483.6 483.53 483.7 483.86 483.86 484.03 484.08 484.29
-9999 479.51 479.59 479.59 479.69 479.74 479.65 479.79 479.82 479.77 479.86 479.96 480.11 480.06 480.28 480.44 480.37 480.41 480.59 480.45 480.41 480.33 480.33 480.2 479.93 479.65 479.86 480.12 479.94 480.14 480.36 480.59 480.57 480.78 481.03 481.12 481.34 481.54 481.62 481.82 481.92 481.87 481.93 481.97 481.97 481.94 481.91 481.73 481.84 481.84 481.8 481.92 482.11 482.25 482.18 482.36 482.56 482.52 482.78 482.99 482.98 483.09 483.21 483.21 483.26 483.44 483.44 483.62 483.81 483.71 483.94 483.98
-9999 479.28 479.46 479.52 479.49 479.56 479.65 479.6 479.63 479.77 479.72 479.78 479.9 479.9 480.01 480.14 480.24 480.24 480.29 480.3 480.13 480.27 480.14 479.95 479.99 479.65 479.67 479.86 479.94 479.9 480.13 480.38 480.38 480.58 480.91 480.91 481.19 481.4 481.66 481.66 481.8 481.82 481.74 481.85 481.83 481.76 481.81 481.73 481.64 481.67 481.8 481.8 481.95 482 482 482.15 482.3 482.52 482.52 482.77 482.97 482.87 483.08 483.17 483.03 483.26 483.45 483.36 483.48 483.71 483.63 483.66
-9999 479.28 479.24 479.31 479.41 479.41 479.43 479.53 479.53 479.56 479.64 479.57 479.72 479.82 479.75 479.89 480.06 479.98 480.08 480.21 480.13 480.01 479.91 479.95 479.78 479.45 479.67 479.67 479.73 479.94 479.88 480.15 480.39 480.45 480.68 480.98 481.01 481.21 481.44 481.48 481.61 481.68 481.74 481.68 481.65 481.76 481.7 481.61 481.51 481.51 481.56 481.73 481.72 481.86 481.99 481.89 482.09 482.28 482.32 482.47 482.8 482.69 482.73 482.82 483.03 483.01 483.17 483.3 483.3 483.4 483.52 483.33
-9999 479.1 479.17 479.17 479.27 479.35 479.24 479.38 479.44 479.33 479.42 479.57 479.51 479.62 479.7 479.7 479.81 479.93 479.93 479.94 479.91 479.8 479.84 479.75 479.5 479.32 479.43 479.62 479.53 479.71 479.88 479.93 480.22 480.45 480.51 480.81 481 481 481.27 481.47 481.44 481.58 481.62 481.52 481.56 481.52 481.53 481.35 481.41 481.4 481.34 481.5 481.72 481.62 481.73 481.89 481.87 482.06 482.29 482.29 482.53 482.58 482.54 482.68 482.74 482.73 482.83 483.06 483.2 483.15 483.31 483.33
-9999 478.86 479.01 478.93 479.04 479.12 479.24 479.13 479.17 479.26 479.26 479.34 479.46 479.46 479.53 479.67 479.64 479.79 479.86 479.75 479.7 479.8 479.66 479.52 479.32 479.32 479.26 479.39 479.53 479.5 479.71 480 480 480.27 480.57 480.62 480.82 481.05 481.05 481.27 481.44 481.34 481.41 481.52 481.41 481.36 481.27 481.27 481.17 481.13 481.3 481.3 481.46 481.52 481.52 481.7 481.86 481.81 482.06 482.34 482.24 482.37 482.54 482.44 482.49 482.73 482.68 482.8 482.89 482.89 483.05 483.1
-9999 478.68 478.79 478.83 478.77 478.96 479.01 478.89 479.05 479.12 479.18 479.14 479.29 479.42 479.34 479.47 479.64 479.58 479.67 479.65 479.65 479.6 479.49 479.49 479.32 479.11 479.04 479.25 479.32 479.34 479.55 479.76 480.04 480.11 480.34 480.62 480.6 480.84 481.05 481.05 481.2 481.26 481.26 481.27 481.23 481.04 481.15 481.09 480.9 481.02 481.1 481.04 481.18 481.37 481.5 481.47 481.61 481.81 481.83 482.01 482.22 482.22 482.28 482.33 482.33 482.46 482.6 482.58 482.79 482.9 482.82 482.88
