data/realblocks/ka4.asc
NCOLS 100
NROWS 100
XLLCORNER 1506552
YLLCORNER 5533496
CELLSIZE 5
NODATA_VALUE -9999
[rows 32 to 63 of 100, columns 0 to 71 of 100]
490.69 490.71 490.51 490.68 490.53 490.52 490.57 490.41 490.57 490.46 490.52 490.57 490.45 490.62 490.47 490.53 490.59 490.45 490.63 490.51 490.56 490.63 490.5 490.65 490.53 490.51 490.51 490.51 490.46 490.24 490.22 -9999 -9999 495.65 495.58 495.46 495.38 495.44 495.3 495.26 495.2 495.18 495.19 495.12 495.08 495.02 494.96 495.05 494.98 494.99 494.89 494.91 494.99 494.7 494.46 494.14 493.97 494.21 493.9 493.91 493.67 493.62 493.54 493.29 493.14 493.03 492.83 492.99 492.74 492.61 492.46 492.31
490.51 490.36 490.57 490.34 490.37 490.38 490.23 490.37 490.26 490.3 490.33 490.24 490.42 490.29 490.32 490.32 490.19 490.37 490.3 490.35 490.43 490.3 490.48 490.34 490.36 490.38 490.22 490.37 490.2 490.13 490.06 490.06 -9999 -9999 495.48 495.41 495.46 495.34 495.25 495.17 495.11 495.2 495.12 495.09 495.02 494.98 495.02 494.86 494.86 494.76 494.77 494.89 494.69 494.6 494.28 494.04 494.14 493.84 493.69 493.46 493.42 493.67 493.38 493.28 493.09 492.8 492.9 492.66 492.6 492.48 492.19 492.36
490.19 490.36 490.19 490.18 490.21 490.03 490.21 490.06 490.14 490.14 490.02 490.19 490.09 490.09 490.15 490 490.17 490.03 490.09 490.18 490.09 490.25 490.1 490.15 490.19 490.03 490.23 490.07 490.05 490 490 489.94 489.75 -9999 -9999 495.48 495.35 495.28 495.17 495.14 495.17 495.09 495.03 494.98 494.94 495.02 494.89 494.82 494.66 494.62 494.76 494.63 494.54 494.26 494.1 494.28 493.94 493.76 493.51 493.32 493.46 493.17 493.13 492.81 492.9 493.09 492.7 492.56 492.44 492.15 492.33 492.04
490.09 489.97 490.01 490.04 489.93 490.04 489.91 489.93 489.95 489.82 490.01 489.87 489.95 489.98 489.83 489.98 489.84 489.83 489.89 489.82 490.01 489.89 489.9 489.95 489.81 490.01 489.83 489.86 489.83 489.63 489.8 489.59 489.6 489.58 -9999 -9999 495.29 495.17 495.12 495.17 495.09 495.01 494.89 494.87 494.98 494.85 494.79 494.59 494.53 494.66 494.47 494.47 494.2 494.13 494.26 493.93 493.81 493.55 493.48 493.51 493.27 493.04 492.78 492.75 492.81 492.56 492.61 492.43 492.15 492.26 491.96 491.88
489.58 489.78 489.85 489.77 489.94 489.82 489.81 489.79 489.65 489.8 489.71 489.74 489.78 489.64 489.81 489.66 489.67 489.7 489.55 489.73 489.6 489.68 489.75 489.59 489.75 489.62 489.67 489.65 489.38 489.59 489.37 489.4 489.41 489.24 489.41 -9999 -9999 495.11 495.17 495.04 495.03 494.94 494.86 494.89 494.77 494.72 494.58 494.44 494.59 494.34 494.27 494.03 493.96 494.2 493.93 493.78 493.48 493.46 493.55 493.25 493.15 492.77 492.59 492.78 492.49 492.38 492.27 491.94 492.43 492.1 491.86 491.77
489.42 489.59 489.51 489.68 489.6 489.68 489.69 489.57 489.69 489.54 489.52 489.59 489.44 489.62 489.49 489.5 489.49 489.38 489.52 489.4 489.41 489.47 489.33 489.54 489.39 489.43 489.47 489.27 489.49 489.17 489.22 489.19 488.94 489.17 489 489.02 -9999 -9999 494.98 495.02 494.84 494.8 494.94 494.72 494.63 494.5 494.52 494.58 494.27 494.2 493.91 493.86 494.03 493.75 493.71 493.39 493.29 493.48 493.23 493.09 492.72 492.59 492.77 492.44 492.35 492.07 491.92 492.18 491.85 491.66 491.78 491.54
489.26 489.15 489.32 489.3 489.41 489.49 489.38 489.55 489.45 489.43 489.4 489.27 489.43 489.29 489.33 489.33 489.15 489.34 489.19 489.22 489.26 489.1 489.28 489.11 489.18 489.24 489.06 489.28 489.04 488.96 488.9 488.66 488.97 488.81 488.78 488.77 488.64 -9999 -9999 494.69 494.81 494.84 494.71 494.67 494.44 494.38 494.5 494.34 494.1 493.88 493.76 493.91 493.66 493.57 493.34 493.25 493.39 493.15 493.05 492.73 492.53 492.72 492.37 492.3 492.03 491.91 492.07 491.76 491.62 491.46 491.23 491.39
489.05 489.11 489.01 489.05 489.21 489.12 489.31 489.21 489.26 489.3 489.15 489.27 489.14 489.13 489.14 489.01 489.17 488.99 489.03 489.07 488.88 489.09 488.89 488.92 488.98 488.78 489.02 488.82 488.79 488.76 488.48 488.69 488.4 488.44 488.52 488.21 488.53 488.31 -9999 -9999 494.69 494.67 494.62 494.38 494.28 494.44 494.24 494.12 493.89 493.73 493.88 493.59 493.49 493.23 493.23 493.34 493.05 493 492.78 492.61 492.73 492.4 492.25 491.98 491.88 492.03 491.74 491.62 491.47 491.19 491.32 491.08
489.15 488.92 488.85 488.92 488.89 488.98 488.9 489 489.07 488.92 489.11 488.95 488.99 488.99 488.83 488.98 488.84 488.84 488.86 488.73 488.88 488.68 488.7 488.71 488.57 488.78 488.51 488.55 488.55 488.33 488.52 488.26 488.21 488.18 487.98 488.2 487.98 488.12 488.14 -9999 -9999 494.43 494.25 494.23 494.38 494.14 494.08 493.82 493.68 493.89 493.62 493.41 493.17 493.13 493.23 493.02 492.91 492.71 492.6 492.78 492.39 492.3 491.98 491.87 491.98 491.74 491.62 491.5 491.16 491.32 491.04 490.89
488.84 488.82 488.8 488.69 488.78 488.68 488.75 488.81 488.7 488.88 488.72 488.76 488.8 488.66 488.83 488.66 488.68 488.68 488.56 488.69 488.56 488.55 488.51 488.33 488.51 488.34 488.32 488.33 488.09 488.33 488.14 488.09 488.01 487.77 487.97 487.75 487.79 487.84 487.68 487.9 -9999 -9999 494.05 494.25 494.05 494.04 493.71 493.6 493.82 493.52 493.44 493.21 493.07 493.17 492.97 492.86 492.6 492.54 492.71 492.35 492.22 492.02 491.85 491.98 491.82 491.7 491.37 491.21 491.39 491.01 490.88 490.78
488.71 488.73 488.56 488.7 488.61 488.55 488.62 488.51 488.6 488.52 488.53 488.56 488.4 488.6 488.46 488.5 488.51 488.37 488.53 488.38 488.41 488.41 488.2 488.35 488.16 488.1 488.07 487.89 488.1 487.9 487.95 487.89 487.67 487.84 487.65 487.64 487.63 487.5 487.65 487.52 487.56 -9999 -9999 493.91 493.83 493.62 493.53 493.71 493.39 493.33 493.03 493.02 493.21 492.93 492.82 492.61 492.44 492.6 492.29 492.15 491.91 491.82 492.02 491.8 491.71 491.34 491.2 491.37 491.06 490.85 490.7 490.44
488.58 488.43 488.57 488.5 488.48 488.49 488.37 488.47 488.37 488.36 488.35 488.19 488.37 488.21 488.25 488.31 488.16 488.34 488.22 488.21 488.25 488.14 488.28 488.11 488.03 487.95 487.78 487.91 487.69 487.69 487.74 487.51 487.7 487.51 487.49 487.49 487.34 487.5 487.28 487.37 487.39 487.24 -9999 -9999 493.54 493.45 493.62 493.33 493.19 492.94 492.86 493.03 492.82 492.84 492.48 492.41 492.61 492.31 492.08 491.83 491.72 491.91 491.68 491.59 491.31 491.19 491.34 491.05 490.9 490.7 490.4 490.56
488.34 488.49 488.33 488.34 488.36 488.29 488.37 488.25 488.26 488.26 488.1 488.2 488.04 488.03 488.05 487.92 488.11 487.97 488.06 488.12 487.98 488.09 487.98 487.92 487.92 487.73 487.83 487.66 487.58 487.51 487.33 487.57 487.3 487.32 487.35 487.18 487.34 487.2 487.21 487.22 487.05 487.19 487.09 -9999 -9999 493.54 493.27 493.17 492.89 492.78 492.94 492.7 492.67 492.45 492.35 492.48 492.17 492.15 491.8 491.68 491.83 491.59 491.53 491.28 491.13 491.31 491.01 490.86 490.72 490.47 490.58 490.2
488.39 488.2 488.19 488.16 488.03 488.2 488.1 488.17 488.16 488.05 488.14 487.99 487.94 487.88 487.71 487.88 487.72 487.77 487.86 487.79 487.97 487.88 487.83 487.81 487.64 487.78 487.59 487.54 487.45 487.29 487.38 487.22 487.18 487.17 487.05 487.17 487.06 487.05 487.06 486.92 487.08 486.93 486.9 486.85 -9999 -9999 493.09 492.84 492.8 492.89 492.72 492.55 492.35 492.25 492.45 492.18 491.98 491.68 491.59 491.8 491.46 491.51 491.2 491.12 491.28 490.97 490.91 490.59 490.48 490.55 490.26 490.06
488.11 488.06 488.04 487.86 488.02 487.9 487.95 488.01 487.95 488.04 487.92 487.89 487.83 487.67 487.77 487.57 487.53 487.58 487.46 487.67 487.61 487.72 487.77 487.54 487.67 487.52 487.46 487.41 487.22 487.31 487.18 487.12 487.07 486.94 487.04 486.92 486.95 486.9 486.76 486.91 486.76 486.79 486.73 486.55 486.78 -9999 -9999 492.64 492.84 492.69 492.49 492.33 492.2 492.35 492.09 491.97 491.63 491.5 491.68 491.44 491.36 491.18 491.13 491.2 490.99 490.87 490.58 490.42 490.59 490.3 490.07 490.03
487.96 487.9 487.73 487.88 487.72 487.74 487.79 487.7 487.84 487.78 487.85 487.81 487.65 487.74 487.58 487.47 487.41 487.24 487.39 487.26 487.43 487.56 487.43 487.59 487.43 487.39 487.33 487.15 487.28 487.08 487.05 486.98 486.83 486.95 486.84 486.79 486.84 486.67 486.78 486.62 486.63 486.62 486.48 486.59 486.42 486.43 -9999 -9999 492.54 492.54 492.29 492.14 492.33 492.05 491.95 491.68 491.45 491.63 491.36 491.29 491.08 490.96 491.18 490.97 490.83 490.62 490.44 490.58 490.28 490.12 490 489.91
487.79 487.56 487.74 487.57 487.59 487.6 487.51 487.65 487.57 487.63 487.7 487.6 487.73 487.58 487.5 487.42 487.24 487.32 487.16 487.1 487.21 487.17 487.38 487.26 487.28 487.26 487.1 487.2 487.03 486.98 486.91 486.74 486.86 486.69 486.7 486.67 486.59 486.72 486.55 486.51 486.48 486.36 486.49 486.35 486.33 486.31 486.18 -9999 -9999 492.24 492.16 492.29 492.01 491.92 491.68 491.49 491.68 491.29 491.23 491.03 490.9 491.08 490.87 490.76 490.52 490.43 490.62 490.3 490.13 490 489.81 489.93
487.42 487.6 487.4 487.41 487.45 487.32 487.46 487.37 487.41 487.46 487.37 487.54 487.44 487.48 487.41 487.25 487.33 487.14 487.08 486.96 486.82 487.01 487.02 487.07 487.13 487 487.14 486.97 486.91 486.84 486.63 486.77 486.6 486.57 486.56 486.45 486.57 486.46 486.53 486.37 486.22 486.34 486.27 486.2 486.22 486.09 486.2 486.08 -9999 -9999 492.24 492.02 491.95 491.64 491.49 491.68 491.33 491.2 490.96 490.84 491.03 490.72 490.71 490.5 490.37 490.52 490.29 490.09 489.85 489.75 489.91 489.74
487.36 487.16 487.28 487.26 487.15 487.3 487.17 487.22 487.26 487.16 487.27 487.21 487.28 487.3 487.17 487.31 487.15 487.07 486.98 486.81 486.86 486.74 486.77 486.87 486.73 486.93 486.82 486.84 486.79 486.61 486.74 486.56 486.46 486.47 486.29 486.44 486.26 486.35 486.34 486.26 486.32 486.13 486.11 486.04 485.97 486.07 485.96 485.96 485.9 -9999 -9999 491.83 491.73 491.49 491.64 491.39 491.25 490.98 490.83 490.96 490.71 490.69 490.45 490.33 490.5 490.22 490.11 489.85 489.78 489.85 489.72 489.62
487.09 487 487.03 486.92 487.1 486.96 487.02 487.06 486.96 487.12 487 487.05 487.1 486.98 487.15 487.02 487.01 486.96 486.77 486.89 486.72 486.64 486.61 486.51 486.63 486.55 486.65 486.71 486.53 486.66 486.47 486.44 486.37 486.21 486.34 486.19 486.15 486.23 486.2 486.21 486.08 486.02 485.99 485.84 485.96 485.8 485.84 485.81 485.68 485.77 -9999 -9999 491.58 491.73 491.33 491.21 490.97 490.87 490.98 490.72 490.6 490.35 490.25 490.45 490.2 490.09 489.81 489.72 489.85 489.66 489.59 489.54
487.19 486.89 486.69 486.83 486.74 486.81 486.86 486.74 486.92 486.81 486.85 486.89 486.78 486.95 486.82 486.83 486.86 486.68 486.8 486.67 486.63 486.5 486.27 486.42 486.26 486.35 486.46 486.33 486.55 486.39 486.34 486.3 486.14 486.26 486.07 486.08 486.11 486.08 486.16 486.03 485.97 485.94 485.77 485.9 485.78 485.7 485.68 485.55 485.68 485.54 485.56 -9999 -9999 491.44 491.24 490.95 490.84 490.97 490.68 490.58 490.36 490.24 490.35 490.14 490.05 489.77 489.67 489.81 489.58 489.64 489.51 489.32
486.91 486.72 486.91 486.78 486.54 486.64 486.45 486.65 486.58 486.65 486.7 486.56 486.74 486.63 486.66 486.7 486.56 486.72 486.56 486.53 486.54 486.36 486.49 486.2 486.04 486.17 486.09 486.32 486.18 486.21 486.23 486.05 486.16 486.01 485.93 485.96 485.88 485.99 485.91 485.9 485.86 485.72 485.84 485.68 485.65 485.65 485.48 485.57 485.44 485.39 485.45 485.38 -9999 -9999 490.99 490.84 490.95 490.74 490.58 490.38 490.23 490.36 490.09 489.97 489.71 489.67 489.77 489.57 489.55 489.43 489.37 489.41
486.48 486.85 486.77 486.62 486.55 486.4 486.42 486.28 486.32 486.49 486.37 486.53 486.42 486.46 486.51 486.36 486.54 486.39 486.39 486.41 486.3 486.41 486.29 486.17 486.03 485.87 485.91 485.92 486.02 486.05 485.92 486.08 485.92 485.87 485.85 485.71 485.83 485.78 485.76 485.73 485.66 485.74 485.6 485.59 485.56 485.44 485.5 485.4 485.3 485.3 485.26 485.33 485.25 -9999 -9999 490.99 490.74 490.61 490.37 490.24 490.38 490.14 489.98 489.65 489.62 489.71 489.51 489.51 489.39 489.36 489.43 489.29
486.53 486.27 486.39 486.54 486.4 486.64 486.48 486.27 486.16 486.07 486.22 486.12 486.33 486.32 486.16 486.36 486.22 486.24 486.25 486.11 486.28 486.18 486.19 486.13 485.86 485.85 485.76 485.72 485.87 485.76 485.89 485.76 485.8 485.77 485.63 485.71 485.6 485.64 485.63 485.52 485.65 485.51 485.51 485.45 485.31 485.45 485.3 485.29 485.24 485.11 485.2 485.13 485.12 485.12 -9999 -9999 490.62 490.3 490.22 490.37 490.1 489.98 489.73 489.64 489.65 489.41 489.48 489.34 489.29 489.39 489.28 489.16
486.26 486.24 486.15 486.04 486.36 486.18 486.23 486.31 486.26 486.1 485.96 485.98 486.01 485.96 486.15 486.05 486.03 486.07 485.94 486.09 486.01 486.06 486.08 485.97 485.98 485.75 485.67 485.64 485.57 485.73 485.65 485.66 485.66 485.52 485.65 485.52 485.5 485.47 485.39 485.51 485.4 485.39 485.39 485.24 485.36 485.2 485.2 485.17 485.03 485.15 485.04 485.03 484.99 484.84 485.01 -9999 -9999 490.23 490.3 490.21 489.99 489.72 489.62 489.73 489.47 489.44 489.3 489.28 489.34 489.26 489.25 489.07
486.18 486.1 485.97 486.06 485.93 485.95 486.07 485.94 486.09 485.96 486.04 485.91 485.75 485.88 485.84 485.82 485.87 485.77 485.91 485.8 485.86 485.91 485.81 485.91 485.73 485.58 485.56 485.43 485.51 485.44 485.51 485.55 485.43 485.54 485.42 485.41 485.39 485.27 485.41 485.3 485.28 485.27 485.14 485.26 485.12 485.11 485.09 484.93 485.06 484.92 484.89 484.9 484.78 484.91 484.78 484.79 -9999 -9999 490.06 489.98 489.73 489.59 489.72 489.47 489.34 489.23 489.23 489.3 489.23 489.16 489.01 489.08
486.1 485.95 486.01 485.89 485.84 485.83 485.72 485.82 485.68 485.86 485.84 485.74 486.06 485.83 485.65 485.7 485.58 485.72 485.62 485.73 485.74 485.66 485.79 485.69 485.61 485.52 485.33 485.44 485.3 485.36 485.38 485.29 485.42 485.31 485.32 485.3 485.18 485.29 485.16 485.17 485.16 485.03 485.15 485.02 485.01 485 484.86 484.99 484.83 484.8 484.79 484.69 484.79 484.66 484.69 484.68 484.57 -9999 -9999 489.73 489.58 489.73 489.5 489.36 489.25 489.21 489.23 489.19 489.19 489.1 489.11 489.01
485.97 486.06 485.88 485.79 485.76 485.65 485.73 485.61 485.57 485.57 485.47 485.75 485.75 485.8 485.67 485.57 485.59 485.42 485.45 485.58 485.51 485.66 485.51 485.51 485.54 485.43 485.47 485.24 485.21 485.24 485.15 485.26 485.19 485.19 485.22 485.09 485.2 485.08 485.05 485.04 484.94 485.05 484.92 484.9 484.88 484.74 484.88 484.74 484.73 484.72 484.6 484.68 484.58 484.52 484.6 484.43 484.59 484.48 -9999 -9999 489.73 489.48 489.36 489.19 489.16 489.25 489.19 489.14 489.06 489.05 489.1 489.01
486.05 485.88 485.8 485.77 485.58 485.68 485.58 485.53 485.48 485.36 485.47 485.32 485.58 485.72 485.58 485.7 485.67 485.42 485.32 485.18 485.38 485.33 485.41 485.36 485.26 485.41 485.24 485.15 485.11 485.01 485.11 485.03 485.07 485.12 484.99 485.08 484.97 484.94 484.95 484.82 484.93 484.8 484.8 484.78 484.64 484.77 484.62 484.63 484.62 484.52 484.63 484.51 484.51 484.42 484.28 484.44 484.35 484.35 484.37 -9999 -9999 489.35 489.13 489.14 489.19 489.16 489.14 489.16 489.01 489.06 489.08 488.96
485.82 485.76 485.72 485.62 485.64 485.5 485.48 485.44 485.32 485.39 485.29 485.24 485.26 485.19 485.51 485.39 485.41 485.48 485.35 485.36 485.24 485.15 485.2 485.08 485.25 485.11 485.09 485.04 484.83 484.94 484.87 484.91 484.95 484.88 485 484.88 484.87 484.85 484.69 484.82 484.68 484.68 484.68 484.55 484.67 484.51 484.49 484.49 484.4 484.52 484.41 484.41 484.4 484.28 484.34 484.2 484.22 484.25 484.16 484.28 -9999 -9999 489.15 489.13 489.12 489.1 489.06 489.01 489.16 488.91 488.87 488.63
485.76 485.69 485.57 485.67 485.53 485.45 485.39 485.28 485.38 485.24 485.21 485.17 485.07 485.15 485.06 485.09 485.2 485.06 485.23 485.15 485.23 485.12 485.04 485.03 484.89 484.9 485 484.76 484.88 484.68 484.76 484.77 484.67 484.84 484.76 484.76 484.75 484.6 484.72 484.59 484.57 484.55 484.42 484.55 484.41 484.4 484.37 484.27 484.37 484.29 484.29 484.3 484.18 484.28 484.16 484.15 484.12 484.06 484.13 484.06 484.06 -9999 -9999 489.11 489.06 489 489.02 489.06 488.89 488.93 488.59 488.4
485.69 485.57 485.64 485.52 485.42 485.38 485.23 485.31 485.19 485.17 485.12 485.03 485.11 485 484.97 484.95 484.85 484.96 484.84 484.99 485.06 484.97 485.13 485.1 484.9 484.79 484.75 484.8 484.65 484.6 484.62 484.55 484.66 484.6 484.63 484.63 484.49 484.63 484.49 484.46 484.45 484.32 484.44 484.29 484.3 484.28 484.14 484.26 484.15 484.16 484.17 484.06 484.19 484.08 484.07 484.06 483.95 484.05 483.96 483.88 483.95 483.87 -9999 -9999 489 488.92 489 488.88 488.75 488.45 488.34 488.59
