data/realblocks/ka4.asc
NCOLS 100
NROWS 100
XLLCORNER 1506552
YLLCORNER 5533496
CELLSIZE 5
NODATA_VALUE -9999
[rows 64 to 95 of 100, columns 0 to 71 of 100]
485.62 485.63 485.5 485.44 485.36 485.21 485.3 485.16 485.11 485.1 485 485.04 484.97 484.96 484.91 484.81 484.87 484.76 484.73 484.72 484.62 484.9 484.84 484.99 484.9 484.74 484.77 484.62 484.53 484.58 484.41 484.51 484.43 484.46 484.48 484.39 484.51 484.37 484.36 484.36 484.21 484.32 484.19 484.19 484.16 484.04 484.17 484.04 484.04 484.04 483.94 484.06 483.95 483.95 483.96 483.82 483.95 483.84 483.84 483.83 483.73 483.82 483.77 -9999 -9999 489 488.78 488.72 488.42 488.34 488.45 488.15
485.75 485.57 485.43 485.36 485.22 485.29 485.14 485.07 485.04 484.94 485.02 484.92 484.88 484.93 484.84 484.87 484.77 484.71 484.66 484.52 484.6 484.49 484.59 484.96 484.84 485.01 485.03 484.61 484.6 484.41 484.47 484.36 484.4 484.39 484.29 484.38 484.33 484.25 484.25 484.11 484.24 484.08 484.07 484.06 483.91 484.04 483.92 483.91 483.93 483.81 483.93 483.81 483.84 483.85 483.68 483.81 483.68 483.69 483.72 483.64 483.73 483.63 483.66 -9999 -9999 -9999 488.64 488.37 488.22 488.42 488.15 487.93
485.59 485.52 485.38 485.21 485.28 485.13 485.04 484.99 484.85 484.97 484.86 484.85 484.85 484.77 484.85 484.75 484.73 484.66 484.52 484.59 484.48 484.44 484.43 484.34 484.58 484.64 484.73 484.82 484.66 484.53 484.47 484.34 484.23 484.24 484.39 484.33 484.23 484.15 484.08 484.13 484 483.98 483.96 483.82 483.93 483.82 483.77 483.79 483.7 483.81 483.71 483.71 483.72 483.63 483.75 483.55 483.57 483.57 483.47 483.6 483.51 483.53 483.55 483.42 483.57 -9999 -9999 488.13 488.37 488.03 487.89 487.65
485.47 485.44 485.28 485.37 485.17 485.04 484.94 484.79 484.89 484.76 484.76 484.75 484.64 484.76 484.67 484.66 484.63 484.51 484.6 484.46 484.41 484.41 484.32 484.36 484.29 484.29 484.66 484.37 484.6 484.56 484.53 484.33 484.14 484.21 484.13 484.07 484.13 484.07 484.1 484.01 483.94 483.85 483.72 483.84 483.7 483.69 483.69 483.57 483.68 483.57 483.58 483.59 483.48 483.61 483.51 483.46 483.46 483.36 483.47 483.39 483.37 483.43 483.32 483.42 483.34 483.34 -9999 -9999 487.92 487.85 487.55 487.36
485.36 485.2 485.32 485.16 485.11 485 484.87 484.9 484.77 484.67 484.65 484.56 484.68 484.53 484.55 484.54 484.44 484.53 484.42 484.4 484.36 484.26 484.32 484.24 484.21 484.23 484.14 484.23 484.14 484.3 484.49 484.47 484.46 484.37 484.12 483.99 483.85 483.99 483.82 483.95 483.9 483.74 483.77 483.62 483.58 483.56 483.43 483.54 483.44 483.46 483.46 483.35 483.46 483.35 483.36 483.36 483.27 483.37 483.27 483.28 483.28 483.18 483.29 483.18 483.2 483.24 483.18 -9999 -9999 487.52 487.34 487.55
485.08 485.23 485.07 485.05 485.02 484.88 484.98 484.83 484.74 484.63 484.46 484.52 484.49 484.5 484.45 484.3 484.43 484.32 484.32 484.31 484.2 484.3 484.16 484.17 484.12 484.07 484.14 483.99 483.99 484.1 484.16 484.24 484.3 484.4 484.36 484.1 483.95 483.77 483.76 483.72 483.62 483.71 483.65 483.57 483.48 483.32 483.45 483.33 483.3 483.33 483.23 483.34 483.22 483.22 483.26 483.16 483.26 483.17 483.16 483.16 483.08 483.15 483.08 483.07 483.1 483.03 483.14 483.07 -9999 -9999 487.52 487.15
485.1 484.92 484.92 484.92 484.77 484.9 484.75 484.75 484.72 484.58 484.62 484.51 484.43 484.36 484.26 484.36 484.22 484.24 484.23 484.11 484.22 484.11 484.08 484.08 483.96 484.06 483.89 483.96 483.9 483.88 483.96 483.97 484.1 484.2 484.27 484.37 484.45 483.95 483.7 483.59 483.64 483.52 483.46 483.53 483.35 483.45 483.32 483.19 483.22 483.12 483.22 483.12 483.12 483.11 483 483.11 483.03 483.04 483.06 482.96 483.06 482.97 482.97 482.96 482.87 482.98 482.91 482.96 -9999 -9999 -9999 486.93
484.81 484.78 484.77 484.65 484.77 484.64 484.62 484.62 484.5 484.62 484.5 484.48 484.38 484.25 484.3 484.18 484.07 484.15 484.01 484.11 484.01 484.02 484.02 483.92 484 483.88 483.85 483.84 483.83 483.84 483.88 484.07 483.97 484.01 484.05 484.12 484.19 484.39 484.33 483.87 483.78 483.35 483.35 483.24 483.32 483.15 483.22 483.16 483.01 483.09 483 483.01 483.02 482.91 483.03 482.83 482.91 482.93 482.83 482.95 482.87 482.86 482.87 482.72 482.83 482.75 482.79 482.83 482.71 482.84 -9999 -9999
484.72 484.66 484.43 484.67 484.47 484.51 484.52 484.39 484.51 484.39 484.4 484.4 484.27 484.35 484.2 484.09 484.07 483.96 484.04 483.93 483.93 483.88 483.83 483.92 483.83 483.86 483.76 483.77 483.81 483.76 483.9 483.99 483.94 484.15 483.9 483.94 484.01 483.92 484.23 484.16 484.16 483.61 483.39 483.26 483.11 483.07 483.05 482.86 483.08 482.98 482.95 482.89 482.79 482.9 482.8 482.79 482.83 482.69 482.82 482.71 482.7 482.76 482.62 482.75 482.63 482.66 482.68 482.58 482.7 482.6 482.62 -9999
484.57 484.38 484.52 484.36 484.29 484.3 484.16 484.37 484.26 484.25 484.27 484.17 484.28 484.15 484.12 484.08 483.95 484.02 483.88 483.83 483.82 483.73 483.82 483.74 483.71 483.78 483.71 483.76 483.75 483.82 483.91 483.91 484.05 483.94 483.9 483.9 483.81 483.91 483.89 483.75 484.04 483.96 483.91 483.66 483.2 482.96 482.71 482.98 482.9 482.89 482.87 482.74 482.81 482.68 482.69 482.67 482.57 482.72 482.63 482.58 482.59 482.49 482.63 482.51 482.52 482.54 482.46 482.57 482.48 482.47 482.52 482.44
484.27 484.42 484.25 484.22 484.22 484.07 484.22 484.08 484.09 484.15 484.01 484.13 484.01 484.01 484.06 483.88 483.99 483.91 483.82 483.8 483.68 483.74 483.63 483.61 483.64 483.66 483.71 483.61 483.67 483.82 483.92 483.86 483.95 484.07 483.87 483.76 483.82 483.8 483.85 483.81 483.76 483.74 483.6 483.77 483.36 483.23 482.99 482.83 482.65 482.69 482.58 482.76 482.62 482.58 482.59 482.52 482.62 482.46 482.49 482.44 482.31 482.47 482.38 482.39 482.36 482.35 482.45 482.36 482.36 482.4 482.3 482.41
484.29 484.1 484.08 484.1 483.97 484.06 484 483.96 483.88 483.81 483.98 483.87 483.89 483.87 483.81 483.82 483.83 483.82 483.78 483.63 483.69 483.6 483.58 483.51 483.36 483.49 483.53 483.54 483.71 483.7 483.82 483.93 483.88 484.03 483.89 483.92 483.78 483.83 483.77 483.78 483.78 483.72 483.6 483.5 483.33 483.48 483.43 483.09 482.71 482.64 482.56 482.5 482.52 482.49 482.46 482.44 482.4 482.4 482.42 482.31 482.38 482.32 482.24 482.25 482.18 482.24 482.25 482.27 482.28 482.19 482.28 482.22
483.98 483.96 483.94 483.82 483.97 483.85 483.85 483.87 483.67 483.8 483.69 483.72 483.73 483.6 483.73 483.63 483.66 483.69 483.56 483.68 483.52 483.51 483.48 483.28 483.43 483.38 483.49 483.56 483.68 483.58 483.85 483.74 483.88 483.93 483.95 483.88 483.84 483.81 483.71 483.69 483.78 483.71 483.58 483.43 483.48 483.4 483.23 483.29 483.13 482.91 482.82 482.51 482.4 482.29 482.45 482.26 482.33 482.34 482.21 482.3 482.21 482.19 482.17 482.07 482.16 482.11 482.15 482.16 482.03 482.16 482.05 482.09
483.79 483.78 483.65 483.79 483.69 483.71 483.74 483.59 483.73 483.57 483.54 483.54 483.43 483.59 483.5 483.5 483.54 483.47 483.57 483.38 483.4 483.44 483.24 483.35 483.26 483.32 483.47 483.5 483.55 483.65 483.83 483.78 484.01 484.01 483.95 483.95 483.89 483.89 483.83 483.79 483.83 483.77 483.66 483.61 483.49 483.28 483.25 482.99 483.08 482.79 482.99 482.69 482.48 482.41 482.27 482.17 482.21 482.01 482.32 482.12 482.09 482.13 482.02 482.06 482.01 482.02 482.05 481.96 482.05 481.92 481.98 481.98
483.61 483.5 483.63 483.53 483.54 483.59 483.41 483.57 483.42 483.44 483.42 483.21 483.37 483.26 483.34 483.4 483.32 483.43 483.31 483.28 483.28 483.11 483.32 483.18 483.14 483.25 483.51 483.39 483.48 483.66 483.7 483.98 483.94 484.05 484.04 484 484.09 483.95 484.02 483.94 483.88 483.92 483.82 483.8 483.63 483.24 483.07 483.09 482.82 482.77 482.63 482.56 482.8 482.69 482.37 482.12 482.06 482.12 481.99 481.91 482 481.97 482.01 481.89 481.91 481.9 481.84 481.95 481.84 481.84 481.85 481.78
483.29 483.44 483.39 483.44 483.42 483.29 483.43 483.27 483.29 483.28 483.1 483.24 483.09 483.13 483.19 483.12 483.26 483.16 483.19 483.17 483.01 483.16 483.04 482.98 483.08 483.1 483.19 483.5 483.4 483.64 483.77 483.74 483.94 484.08 484.09 484.02 484.05 484.14 484.02 484.06 484.13 484.01 484.04 483.92 483.79 483.57 483.44 483.17 482.79 482.6 482.46 482.61 482.48 482.37 482.49 482.35 482.25 482.27 481.94 481.95 481.84 481.86 481.79 481.91 481.82 481.72 481.81 481.74 481.73 481.73 481.64 481.74
483.31 483.23 483.2 483.33 483.07 483.26 483.09 483.13 483.13 482.97 483.12 482.94 482.95 483 482.93 483.06 482.99 483.01 483.04 482.95 483.07 482.88 482.82 482.87 482.86 482.98 483.23 483.29 483.33 483.63 483.59 483.89 483.94 483.99 484.09 484.1 484.19 484.21 484.16 484.17 484.16 484.18 484.17 484.05 483.94 483.86 483.67 483.34 482.84 482.63 482.56 482.43 482.34 482.37 482.28 482.28 482.19 482.22 482.05 481.98 481.86 481.8 481.74 481.73 481.61 481.81 481.64 481.63 481.62 481.56 481.66 481.58
483.03 482.91 483.04 482.87 483.03 482.88 482.96 482.98 482.82 482.96 482.8 482.79 482.85 482.75 482.88 482.8 482.85 482.9 482.8 482.9 482.81 482.8 482.76 482.74 482.81 482.86 482.98 483.05 483.34 483.36 483.71 483.69 483.83 483.92 483.94 484.04 484.16 484.24 484.21 484.28 484.26 484.25 484.22 484.13 484.09 483.99 483.82 483.47 482.99 482.96 482.7 482.5 482.27 482.19 482.25 482.16 482.15 481.99 481.93 482.13 482.08 481.86 481.7 481.61 481.68 481.55 481.52 481.55 481.44 481.54 481.45 481.49
482.8 482.78 482.63 482.81 482.73 482.78 482.81 482.68 482.92 482.65 482.66 482.66 482.56 482.72 482.63 482.68 482.73 482.61 482.77 482.65 482.66 482.65 482.53 482.65 482.62 482.82 482.91 483.03 483.13 483.34 483.56 483.57 483.59 483.72 483.74 483.9 483.98 484.08 484.17 484.24 484.32 484.3 484.17 484.24 484.14 483.99 483.78 483.5 483.54 483.11 482.75 482.53 482.3 482.31 482.15 482.07 482.06 481.91 482.03 481.91 481.79 481.91 481.83 481.73 481.66 481.52 481.47 481.37 481.42 481.35 481.37 481.39
482.57 482.45 482.59 482.5 482.52 482.6 482.45 482.63 482.48 482.6 482.57 482.48 482.52 482.44 482.5 482.54 482.42 482.57 482.48 482.5 482.52 482.36 482.5 482.39 482.48 482.73 482.62 482.88 483.03 483.29 483.42 483.34 483.43 483.48 483.62 483.74 483.88 483.86 483.98 484.16 484.25 484.19 484.25 484.14 484.1 483.96 483.66 483.74 483.49 483.12 482.78 482.56 482.54 482.31 482.17 482.05 481.91 481.96 481.85 481.81 481.82 481.74 481.67 481.71 481.77 481.6 481.48 481.42 481.37 481.31 481.27 481.18
482.23 482.37 482.27 482.24 482.37 482.16 482.4 482.23 482.28 482.32 482.36 482.38 482.32 482.32 482.35 482.28 482.41 482.27 482.34 482.36 482.21 482.37 482.21 482.22 482.38 482.48 482.59 482.74 482.95 483.14 483.11 483.26 483.22 483.32 483.52 483.62 483.6 483.76 483.94 483.99 483.91 484.06 484.12 484.06 484.03 483.72 483.86 483.54 483.39 483.12 482.77 482.78 482.58 482.34 482.14 482.05 482.07 481.94 481.86 481.75 481.66 481.73 481.63 481.68 481.68 481.66 481.66 481.61 481.41 481.28 481.15 481.2
482.12 482.12 482.09 482.08 481.96 482.18 482.06 482.07 482.07 481.94 482.16 482.08 482.13 482.14 482.21 482.24 482.06 482.08 482.17 482.05 482.21 482.04 482.08 482.09 482.06 482.22 482.32 482.44 482.86 482.84 482.99 482.96 483.11 483.27 483.27 483.49 483.53 483.66 483.79 483.79 483.88 483.88 483.99 483.96 483.76 483.88 483.64 483.46 483.2 482.8 482.99 482.68 482.54 482.35 482.2 482.16 482.03 481.95 481.8 481.76 481.78 481.68 481.57 481.55 481.47 481.56 481.47 481.49 481.58 481.46 481.32 481.26
481.94 481.89 481.93 481.77 481.94 481.89 481.95 481.85 481.71 482 481.75 481.81 481.98 481.92 482 481.99 481.93 481.95 481.8 482.01 481.86 481.89 481.91 481.83 481.96 481.93 482.1 482.43 482.62 482.69 482.71 482.8 483.02 482.89 483.12 483.11 483.38 483.53 483.63 483.77 483.57 483.74 483.86 483.71 483.87 483.63 483.54 483.4 483.02 483.06 482.68 482.59 482.48 482.33 482.35 482.22 482.05 481.91 481.8 481.8 481.69 481.72 481.68 481.46 481.46 481.31 481.39 481.39 481.33 481.35 481.42 481.36
481.67 481.68 481.52 481.61 481.61 481.61 481.65 481.46 481.62 481.54 481.53 481.64 481.64 481.77 481.74 481.81 481.71 481.62 481.79 481.69 481.73 481.72 481.6 481.74 481.69 481.79 481.94 482.31 482.38 482.44 482.54 482.6 482.62 482.69 482.69 483.01 483.2 483.25 483.41 483.34 483.43 483.6 483.48 483.66 483.55 483.54 483.39 483.14 483.25 482.94 482.65 482.47 482.29 482.36 482.29 482.17 482.07 482.02 481.96 481.88 481.75 481.72 481.54 481.61 481.43 481.33 481.24 481.21 481.3 481.22 481.23 481.33
481.46 481.32 481.3 481.3 481.41 481.42 481.33 481.29 481.29 481.32 481.38 481.34 481.55 481.47 481.51 481.54 481.44 481.57 481.48 481.5 481.58 481.41 481.56 481.48 481.58 481.72 481.78 481.9 482.14 482.24 482.36 482.15 482.39 482.42 482.63 482.83 482.89 483.05 483.04 483.22 483.29 483.25 483.46 483.31 483.45 483.39 483.22 483.3 483.08 482.85 482.63 482.41 482.42 482.27 482.23 482.17 482.12 482.1 482.06 481.91 481.8 481.68 481.65 481.53 481.42 481.36 481.23 481.24 481.12 481.12 481.18 481.13
481.03 481.12 481.12 481.19 481.19 481.01 481.18 481.18 481.12 481.09 481.01 481.2 481.16 481.25 481.38 481.17 481.4 481.28 481.36 481.41 481.27 481.46 481.28 481.37 481.46 481.54 481.63 481.72 482.05 482.06 481.93 482.14 481.98 482.13 482.44 482.51 482.7 482.73 482.9 483.06 483 483.13 483.07 483.19 483.25 483.2 483.3 483.15 483 482.85 482.64 482.63 482.44 482.27 482.22 482.16 482.14 482.17 482.11 481.99 481.91 481.86 481.76 481.54 481.37 481.32 481.31 481.23 481.15 481.1 481.04 481.04
480.87 480.87 480.91 481 480.79 480.82 480.82 480.9 480.9 480.83 480.9 480.9 480.96 481.03 480.96 481.14 481.01 481.07 481.23 481.09 481.24 481.08 481.15 481.26 481.36 481.4 481.46 481.69 481.82 481.75 481.92 481.75 481.89 481.89 482 482.23 482.33 482.55 482.74 482.81 482.89 482.88 482.95 483.05 482.98 483.13 483.05 483.08 482.91 482.72 482.83 482.59 482.4 482.32 482.28 482.26 482.23 482.2 482.14 482.06 482.01 481.93 481.77 481.53 481.37 481.35 481.25 481.15 481.11 481.07 481.08 481.04
480.7 480.65 480.73 480.57 480.58 480.58 480.66 480.73 480.53 480.63 480.63 480.7 480.81 480.74 480.71 480.71 480.75 480.89 480.86 481.1 481.03 481.04 481.07 481.2 481.14 481.21 481.35 481.58 481.59 481.7 481.61 481.61 481.8 481.82 481.75 481.86 482.08 482.34 482.4 482.65 482.66 482.74 482.82 482.81 482.86 482.83 482.86 482.9 482.68 482.84 482.64 482.52 482.39 482.33 482.32 482.3 482.27 482.27 482.29 482.17 482.19 482 481.77 481.49 481.53 481.4 481.23 481.12 481.04 481.08 481 481.02
480.46 480.49 480.32 480.38 480.38 480.47 480.47 480.27 480.35 480.35 480.43 480.56 480.43 480.43 480.43 480.51 480.7 480.66 480.85 480.66 480.85 480.87 480.95 480.92 480.95 481.38 481.29 481.4 481.5 481.48 481.49 481.44 481.54 481.62 481.68 481.79 481.93 481.96 482.17 482.13 482.46 482.6 482.55 482.68 482.69 482.73 482.71 482.5 482.67 482.53 482.47 482.43 482.32 482.4 482.28 482.3 482.31 482.3 482.31 482.35 482.18 482.03 481.61 481.68 481.42 481.36 481.23 481.11 481.12 481.04 480.96 480.97
480.26 480.12 480.13 480.13 480.1 480.33 479.98 480.09 480.09 480.15 480.24 480.13 480.25 480.25 480.26 480.44 480.35 480.49 480.49 480.68 480.59 480.61 480.71 480.75 480.88 481.16 481.09 481.2 481.25 481.37 481.28 481.25 481.4 481.46 481.63 481.74 481.85 481.85 481.87 482 482.26 482.22 482.42 482.38 482.51 482.62 482.39 482.58 482.42 482.4 482.32 482.22 482.28 482.22 482.22 482.26 482.25 482.28 482.38 482.24 482.22 482.07 482.02 481.64 481.45 481.33 481.06 481.13 481.04 481.03 480.97 480.89
479.88 479.89 479.89 479.93 479.93 479.79 479.79 479.79 479.91 479.99 479.88 479.92 479.92 480.07 480.09 479.95 480.23 480.23 480.31 480.44 480.33 480.5 480.5 480.61 480.89 480.82 481 481.05 481.16 481.2 481.06 481.2 481.09 481.34 481.62 481.57 481.68 481.74 481.87 481.9 481.97 482.1 482.11 482.22 482.37 482.31 482.44 482.3 482.24 482.26 482.13 482.23 482.15 482.1 482.12 482.07 482.19 482.18 482.19 482.25 482.14 482.16 481.87 481.7 481.33 481.24 481.27 480.99 481 480.95 480.9 480.95
479.7 479.7 479.71 479.68 479.6 479.54 479.54 479.6 479.73 479.64 479.71 479.71 479.84 479.81 479.79 479.79 479.79 480.02 480.12 480.06 480.12 480.12 480.29 480.53 480.55 480.7 480.68 480.98 481.04 480.81 481.08 480.96 481.02 481.24 481.26 481.38 481.42 481.64 481.81 481.86 481.92 481.93 481.98 482.11 482.02 482.18 482.16 482.15 482.15 482.04 482.14 482.05 482.03 482.02 481.93 482.01 481.99 482.06 482.05 482.11 482.25 482.06 481.79 481.69 481.44 481.35 481.22 480.98 480.94 480.84 480.91 480.83
