data/realblocks/ka4.asc
NCOLS 100
NROWS 100
XLLCORNER 1506552
YLLCORNER 5533496
CELLSIZE 5
NODATA_VALUE -9999
[rows 0 to 31 of 100, columns 0 to 71 of 100]
-9999 494.62 494.87 494.98 494.74 494.82 494.85 495 495.04 495.04 495.17 495.27 495.29 495.33 495.36 495.4 495.49 495.58 495.65 495.64 495.77 495.85 495.9 495.99 495.98 496.06 496.19 496.21 496.31 496.38 496.4 496.44 496.36 496.31 496.39 496.25 496.19 496.11 496.09 496.05 495.91 495.91 495.81 495.79 495.85 495.64 495.42 495.21 495.05 495.11 494.92 494.71 494.46 494.48 -9999 494.06 493.84 493.64 493.64 -9999 493.31 493.26 492.9 492.9 -9999 492.69 492.56 492.43 492.43 -9999 492.2 492.18
-9999 -9999 494.72 494.87 494.98 495.03 495.16 495.08 495 495.08 495.19 495.28 495.36 495.29 495.4 495.44 495.48 495.57 495.58 495.68 495.75 495.84 495.89 495.9 495.95 496.06 496.08 496.14 496.21 496.22 496.35 496.33 496.29 496.36 496.25 496.19 496.03 496.03 496.11 495.9 495.82 495.74 495.74 495.81 495.68 495.52 495.31 495.12 495.21 495 494.83 494.62 494.45 494.46 494.2 493.96 493.92 493.76 493.63 493.4 493.3 493.25 493.25 493.04 493.13 492.87 492.63 492.63 492.4 492.37 492.25 492.22
493.33 -9999 -9999 494.82 495.03 495.1 495.33 495.16 495.21 495.14 495.24 495.29 495.28 495.34 495.38 495.41 495.46 495.48 495.56 495.66 495.77 495.8 495.84 495.88 495.9 495.98 496.03 496.08 496.11 496.14 496.16 496.22 496.33 496.23 496.19 496.04 495.99 496.03 495.96 495.89 495.73 495.72 495.74 495.71 495.69 495.35 495.23 495.31 495.09 494.94 494.76 494.59 494.62 494.44 494.15 493.98 493.87 493.92 493.63 493.43 493.28 493.28 493.15 493.11 493.13 492.9 492.9 492.64 492.5 492.45 492.31 492.31
493.43 493.43 -9999 -9999 494.99 495.04 495.1 495.43 495.4 495.49 495.28 495.24 495.31 495.34 495.38 495.41 495.41 495.5 495.55 495.65 495.75 495.77 495.78 495.83 495.87 495.92 495.98 495.99 496.04 496.05 496.09 496.16 496.12 496.17 496.04 496.02 496.04 495.95 495.92 495.75 495.7 495.73 495.67 495.66 495.47 495.3 495.35 495.11 495.05 494.88 494.73 494.76 494.52 494.41 494.15 493.96 493.98 493.87 493.65 493.46 493.46 493.33 493.18 493.09 493.08 493.08 493.06 492.93 492.62 492.48 492.48 492.41
493.23 493.31 493.4 -9999 -9999 494.99 495.14 495.22 495.46 495.49 495.49 495.5 495.35 495.39 495.33 495.38 495.36 495.43 495.51 495.67 495.65 495.74 495.77 495.78 495.79 495.87 495.89 495.95 495.94 496.02 496.05 496.05 496.03 495.92 495.91 496.04 495.93 495.93 495.81 495.72 495.75 495.72 495.69 495.57 495.39 495.47 495.21 495.07 494.98 494.85 494.88 494.7 494.54 494.36 494.14 494.15 494 493.82 493.7 493.52 493.48 493.38 493.2 493.08 493.08 493.1 492.92 493.09 492.76 492.76 492.44 492.48
493.26 493.34 493.41 493.51 -9999 -9999 495.24 495.34 495.33 495.46 495.54 495.61 495.6 495.39 495.39 495.28 495.32 495.42 495.55 495.51 495.6 495.73 495.7 495.73 495.78 495.78 495.86 495.81 495.92 495.94 495.93 495.98 495.9 495.86 495.92 495.85 495.88 495.85 495.74 495.81 495.75 495.68 495.63 495.55 495.57 495.36 495.2 495.12 494.93 494.98 494.85 494.66 494.59 494.38 494.36 494.18 494.03 493.94 493.79 493.76 493.58 493.47 493.22 493.19 493.1 493.08 492.93 492.87 492.87 492.75 492.69 492.51
493.3 493.35 493.41 493.41 493.48 -9999 -9999 495.33 495.34 495.33 495.46 495.47 495.64 495.6 495.64 495.41 495.39 495.41 495.42 495.51 495.62 495.72 495.75 495.7 495.81 495.8 495.8 495.71 495.81 495.83 495.91 495.82 495.85 495.9 495.8 495.86 495.86 495.78 495.85 495.73 495.65 495.68 495.64 495.63 495.49 495.36 495.25 495.07 495.12 494.91 494.83 494.66 494.5 494.59 494.36 494.19 494.1 493.99 493.94 493.89 493.65 493.53 493.39 493.3 493.26 493.03 492.99 492.99 492.93 492.83 492.75 492.59
493.34 493.35 493.35 493.42 493.48 493.56 -9999 -9999 495.33 495.4 495.51 495.57 495.47 495.63 495.74 495.72 495.55 495.39 495.42 495.5 495.69 495.73 495.72 495.76 495.81 495.78 495.79 495.8 495.82 495.82 495.85 495.76 495.82 495.78 495.78 495.82 495.8 495.86 495.78 495.74 495.72 495.68 495.68 495.64 495.48 495.28 495.21 495.25 495.12 494.96 494.84 494.7 494.66 494.51 494.4 494.22 494.15 494.1 494.02 493.86 493.75 493.66 493.59 493.49 493.39 493.17 492.99 493.01 492.96 492.87 492.78 492.78
493.36 493.36 493.37 493.42 493.43 493.58 493.58 -9999 -9999 495.42 495.48 495.51 495.61 495.55 495.55 495.76 495.72 495.68 495.53 495.58 495.69 495.69 495.72 495.78 495.81 495.86 495.78 495.77 495.72 495.78 495.83 495.85 495.74 495.77 495.74 495.81 495.82 495.76 495.72 495.76 495.68 495.72 495.71 495.68 495.46 495.37 495.28 495.16 494.98 494.94 494.84 494.84 494.72 494.54 494.46 494.38 494.22 494.2 494.08 493.9 493.84 493.84 493.72 493.55 493.37 493.24 493.22 493.08 492.99 492.91 492.83 492.79
493.35 493.36 493.35 493.41 493.45 493.45 493.6 493.56 -9999 -9999 495.42 495.5 495.48 495.61 495.66 495.55 495.72 495.67 495.82 495.62 495.58 495.64 495.76 495.86 495.81 495.81 495.87 495.83 495.81 495.81 495.78 495.79 495.82 495.75 495.69 495.74 495.78 495.71 495.67 495.75 495.76 495.7 495.76 495.66 495.45 495.46 495.3 495.2 495.05 494.97 494.94 494.85 494.69 494.57 494.55 494.46 494.34 494.26 494.18 493.96 493.9 493.88 493.77 493.61 493.49 493.4 493.3 493.11 493.05 492.99 492.96 492.9
493.37 493.38 493.4 493.41 493.41 493.49 493.56 493.56 493.58 -9999 -9999 495.5 495.52 495.64 495.61 495.74 495.78 495.7 495.82 495.82 495.74 495.67 495.72 495.68 495.86 495.82 495.88 495.87 495.84 495.81 495.85 495.82 495.71 495.77 495.75 495.69 495.77 495.73 495.7 495.67 495.74 495.77 495.76 495.66 495.66 495.48 495.32 495.24 495.12 495.05 494.97 494.87 494.76 494.59 494.57 494.5 494.38 494.34 494.09 494.18 494.04 493.91 493.87 493.63 493.64 493.51 493.37 493.2 493.15 493.11 493.05 492.85
493.24 493.32 493.41 493.41 493.43 493.5 493.53 493.49 493.49 493.55 -9999 -9999 495.51 495.52 495.6 495.7 495.73 495.74 495.7 495.75 495.77 495.86 495.75 495.72 495.69 495.85 495.78 495.76 495.87 495.85 495.88 495.81 495.77 495.71 495.73 495.73 495.76 495.73 495.73 495.69 495.67 495.85 495.8 495.76 495.67 495.47 495.38 495.25 495.24 495.16 494.99 494.91 494.76 494.76 494.69 494.48 494.56 494.36 494.34 494.26 494.09 493.93 493.85 493.8 493.68 493.56 493.38 493.33 493.28 493.19 493.07 492.91
493.21 493.25 493.25 493.33 493.39 493.47 493.44 493.44 493.46 493.39 493.44 -9999 -9999 495.47 495.58 495.65 495.73 495.73 495.74 495.74 495.75 495.8 495.86 495.74 495.71 495.77 495.82 495.78 495.81 495.82 495.84 495.81 495.81 495.76 495.74 495.73 495.77 495.76 495.73 495.78 495.91 495.93 495.85 495.79 495.69 495.6 495.45 495.38 495.3 495.15 495.09 494.96 494.91 494.83 494.74 494.62 494.49 494.56 494.36 494.26 494.15 493.99 493.95 493.85 493.67 493.58 493.49 493.42 493.37 493.3 493.1 493.01
493.19 493.19 493.21 493.25 493.33 493.42 493.42 493.4 493.32 493.34 493.34 493.34 -9999 -9999 495.47 495.58 495.65 495.71 495.75 495.75 495.74 495.75 495.76 495.92 495.69 495.73 495.77 495.82 495.87 495.82 495.84 495.84 495.82 495.79 495.77 495.7 495.73 495.74 495.8 495.94 496 495.91 496.03 495.88 495.78 495.65 495.6 495.55 495.38 495.28 495.16 495.09 495.03 494.89 494.85 494.62 494.62 494.53 494.39 494.3 494.19 494.21 494.03 493.84 493.67 493.53 493.61 493.57 493.36 493.25 493.06 493.1
493.12 493.13 493.13 493.23 493.29 493.29 493.35 493.25 493.25 493.24 493.24 493.26 493.23 -9999 -9999 495.47 495.53 495.62 495.69 495.77 495.75 495.75 495.76 495.75 495.76 495.69 495.85 495.89 496 495.83 495.82 495.89 495.84 495.8 495.73 495.77 495.76 495.74 495.87 496 495.94 496.04 496.03 496 495.84 495.78 495.71 495.57 495.48 495.36 495.28 495.23 495.18 495.02 494.89 494.85 494.68 494.56 494.46 494.3 494.3 494.22 494.09 493.85 493.74 493.71 493.56 493.53 493.35 493.23 493.26 493.08
493.09 493.12 493.16 493.2 493.2 493.26 493.19 493.18 493.18 493.18 493.19 493.12 493.16 493.22 -9999 -9999 495.42 495.49 495.63 495.69 495.74 495.71 495.74 495.76 495.75 495.71 495.71 495.71 495.83 496 495.94 495.87 495.82 495.85 495.8 495.75 495.76 495.75 495.92 495.87 496.04 496.07 496.11 496.07 496 495.9 495.77 495.83 495.56 495.48 495.45 495.33 495.29 495.12 495.02 494.91 494.76 494.64 494.52 494.46 494.41 494.29 494.13 493.86 493.83 493.7 493.53 493.52 493.4 493.38 493.21 493.06
493.01 493.09 493.13 493.13 493.17 493.14 493.12 493.09 493.09 493.11 493.06 493.05 493.09 493.09 493.17 -9999 -9999 495.41 495.49 495.54 495.67 495.69 495.77 495.74 495.75 495.78 495.69 495.71 495.71 495.79 495.81 495.97 495.88 495.82 495.89 495.79 495.82 495.79 495.75 495.91 496.06 496.13 496.15 496.11 496.11 495.98 495.89 495.8 495.83 495.65 495.51 495.54 495.37 495.29 495.2 495 494.9 494.73 494.64 494.54 494.41 494.33 494.12 494.12 493.89 493.73 493.61 493.47 493.5 493.39 493.18 493.06
492.98 493.05 493.05 493.07 493.07 493.07 493.04 493.04 493.02 492.96 492.97 493.01 493.01 493.05 493.06 493.09 -9999 -9999 495.28 495.48 495.54 495.66 495.69 495.71 495.71 495.63 495.61 495.69 495.61 495.68 495.61 495.87 495.97 496.04 495.92 495.9 495.88 495.82 495.84 495.9 496.06 496.12 496.13 496.17 496.14 496.09 496.03 495.89 495.86 495.7 495.67 495.6 495.54 495.47 495.24 495.17 494.94 494.9 494.76 494.65 494.55 494.49 494.38 494.16 493.93 493.78 493.68 493.62 493.53 493.4 493.16 493.04
492.96 492.96 493.02 493 493.02 492.99 492.99 492.96 492.87 492.9 492.91 492.91 492.95 492.93 492.99 493.07 493.07 -9999 -9999 495.33 495.41 495.54 495.6 495.64 495.58 495.62 495.63 495.58 495.6 495.58 495.57 495.61 495.76 495.94 495.91 495.91 495.9 495.89 495.81 496.01 496.01 496.06 496.11 496.16 496.15 496.09 496.09 495.98 495.88 495.81 495.72 495.67 495.67 495.5 495.37 495.28 495.17 494.97 494.79 494.7 494.59 494.55 494.49 494.22 494.01 493.88 493.85 493.74 493.52 493.33 493.19 493.15
492.89 492.93 492.92 492.96 492.97 492.97 492.93 492.83 492.77 492.83 492.83 492.84 492.82 492.87 492.95 492.95 492.99 492.71 -9999 -9999 495.33 495.3 495.52 495.54 495.56 495.58 495.57 495.54 495.53 495.52 495.58 495.54 495.54 495.57 495.72 495.91 495.93 495.89 495.95 495.92 496.01 496.02 496.1 496.11 496.15 496.15 496.08 496 495.95 495.87 495.81 495.78 495.68 495.56 495.4 495.37 495.21 494.97 494.87 494.74 494.7 494.64 494.5 494.3 494.17 494.09 493.96 493.76 493.52 493.37 493.33 493.17
492.83 492.79 492.82 492.89 492.89 492.89 492.78 492.73 492.72 492.72 492.74 492.7 492.74 492.8 492.8 492.85 492.76 492.75 492.78 -9999 -9999 495.33 495.38 495.49 495.54 495.55 495.53 495.54 495.54 495.53 495.51 495.53 495.59 495.55 495.57 495.6 495.77 495.97 496.02 495.95 495.87 496.05 496.08 496.04 496.11 496.1 496.09 495.97 495.9 495.95 495.87 495.77 495.7 495.57 495.56 495.44 495.25 495.01 494.9 494.87 494.77 494.66 494.51 494.34 494.34 494.18 493.98 493.84 493.69 493.62 493.42 493.16
492.72 492.7 492.73 492.73 492.77 492.65 492.69 492.65 492.65 492.64 492.57 492.61 492.66 492.66 492.69 492.61 492.65 492.66 492.66 492.63 -9999 -9999 495.32 495.38 495.49 495.51 495.47 495.52 495.54 495.53 495.47 495.51 495.49 495.59 495.52 495.53 495.47 495.72 495.97 496.04 496.07 496.19 496.01 496.08 496.04 496.06 495.99 495.94 495.97 495.88 495.82 495.75 495.66 495.7 495.56 495.44 495.18 495.04 495.01 494.9 494.8 494.63 494.51 494.52 494.34 494.18 494.06 493.82 493.78 493.67 493.37 493.14
492.62 492.69 492.69 492.6 492.44 492.51 492.56 492.56 492.54 492.5 492.48 492.51 492.51 492.57 492.47 492.48 492.52 492.52 492.53 492.39 492.36 -9999 -9999 495.3 495.43 495.5 495.52 495.47 495.53 495.52 495.5 495.47 495.51 495.51 495.5 495.54 495.51 495.47 495.66 495.79 495.8 496.19 496.19 496.01 496.03 496.01 495.97 495.99 495.86 495.82 495.74 495.76 495.75 495.66 495.62 495.31 495.17 495.18 494.99 494.88 494.75 494.6 494.63 494.45 494.32 494.17 494.03 493.98 493.78 493.66 493.54 493.22
492.49 492.39 492.5 492.36 492.32 492.37 492.37 492.42 492.32 492.36 492.38 492.38 492.38 492.3 492.31 492.37 492.37 492.34 492.22 492.29 492.21 492.21 -9999 -9999 495.34 495.45 495.5 495.48 495.46 495.48 495.47 495.5 495.44 495.48 495.52 495.56 495.54 495.52 495.57 495.52 495.61 495.8 496.05 496.25 496.19 496.01 496.01 495.92 495.83 495.7 495.72 495.74 495.73 495.62 495.39 495.25 495.31 495.06 494.95 494.77 494.68 494.75 494.55 494.42 494.27 494.11 494.15 493.96 493.8 493.6 493.34 493.49
492.17 492.34 492.25 492.18 492.18 492.08 492.24 492.09 492.14 492.23 492.23 492.27 492.16 492.18 492.17 492.17 492.19 492.09 492.1 492.15 492.15 492.1 491.92 -9999 -9999 495.34 495.39 495.45 495.47 495.49 495.48 495.44 495.46 495.44 495.51 495.52 495.58 495.59 495.52 495.48 495.52 495.52 495.6 495.65 496.04 496.19 496.12 495.9 495.79 495.77 495.7 495.66 495.68 495.52 495.31 495.39 495.09 495.03 494.77 494.67 494.77 494.61 494.46 494.36 494.12 494.22 494.02 493.88 493.8 493.54 493.59 493.3
492.12 492.06 492.09 492 491.86 492.03 491.92 491.97 492.01 492.01 492.06 491.94 491.99 492.04 492.04 492.05 491.94 491.96 491.93 491.93 491.98 491.8 491.79 491.75 -9999 -9999 495.43 495.51 495.53 495.47 495.47 495.46 495.38 495.5 495.44 495.5 495.58 495.57 495.47 495.52 495.46 495.37 495.36 495.44 495.65 495.64 496.03 496 496.04 495.79 495.7 495.61 495.49 495.4 495.52 495.24 494.99 494.82 494.64 494.77 494.55 494.48 494.22 494.22 494.2 494 493.92 493.82 493.58 493.65 493.41 493.14
491.96 491.92 491.93 491.69 491.87 491.7 491.75 491.79 491.69 491.85 491.73 491.8 491.84 491.84 491.88 491.77 491.79 491.81 491.81 491.84 491.67 491.66 491.63 491.63 491.61 -9999 -9999 495.54 495.51 495.62 495.5 495.45 495.46 495.38 495.48 495.55 495.55 495.5 495.57 495.43 495.4 495.32 495.42 495.36 495.38 495.47 495.49 495.86 496 496.03 495.75 495.53 495.44 495.49 495.28 495.11 494.79 494.71 494.82 494.56 494.43 494.23 494.11 494.22 493.99 493.97 493.81 493.62 493.71 493.4 493.29 493.01
491.71 491.71 491.53 491.68 491.52 491.54 491.59 491.43 491.63 491.52 491.52 491.64 491.51 491.68 491.57 491.61 491.65 491.65 491.68 491.54 491.56 491.51 491.51 491.48 491.34 491.32 -9999 -9999 495.62 495.65 495.63 495.51 495.45 495.45 495.5 495.59 495.58 495.55 495.46 495.4 495.33 495.23 495.32 495.26 495.35 495.37 495.4 495.49 495.51 495.92 495.8 495.72 495.53 495.32 495.13 494.78 494.61 494.79 494.55 494.48 494.17 494.08 494.23 493.99 493.87 493.77 493.58 493.71 493.5 493.36 493.15 492.71
491.52 491.34 491.52 491.34 491.37 491.36 491.23 491.42 491.31 491.35 491.39 491.28 491.45 491.35 491.4 491.45 491.45 491.5 491.38 491.41 491.39 491.39 491.36 491.2 491.19 491.16 491.16 -9999 -9999 495.71 495.72 495.63 495.53 495.51 495.58 495.58 495.59 495.55 495.48 495.32 495.29 495.33 495.23 495.19 495.2 495.29 495.37 495.33 495.45 495.35 495.56 495.8 495.64 495.41 495.11 494.68 494.78 494.54 494.4 494.16 494.03 494.17 493.93 493.84 493.74 493.5 493.69 493.44 493.4 493.21 492.93 493.1
491.18 491.38 491.22 491.17 491.19 491.03 491.22 491.06 491.15 491.17 491.03 491.23 491.09 491.19 491.23 491.13 491.29 491.17 491.21 491.24 491.24 491.25 491.1 491.06 491.06 491.06 491.06 490.89 -9999 -9999 495.71 495.71 495.56 495.64 495.6 495.58 495.57 495.53 495.39 495.32 495.32 495.27 495.22 495.15 495.13 495.2 495.21 495.33 495.26 495.21 495.35 495.24 495.33 495.13 495.09 495.11 494.76 494.38 494.11 493.97 494.16 493.9 493.79 493.59 493.59 493.7 493.37 493.33 493.24 492.91 493.1 492.78
491.19 491.02 491.04 491.02 490.88 491.04 490.87 490.9 490.95 490.79 491 490.9 490.95 491.01 490.88 491.06 490.92 490.98 491.05 490.93 491.08 490.95 490.96 490.9 490.9 490.9 490.77 490.77 490.75 -9999 -9999 495.75 495.71 495.68 495.64 495.62 495.54 495.43 495.37 495.39 495.29 495.2 495.17 495.13 495.15 495.09 495.13 495.14 495.21 495.26 495.17 495.07 494.84 494.79 495.13 494.84 494.76 494.4 494.08 494.11 493.87 493.75 493.54 493.43 493.59 493.4 493.26 493.2 492.94 493.14 492.76 492.59
490.85 490.92 490.83 490.64 490.83 490.73 490.68 490.75 490.63 490.78 490.68 490.7 490.8 490.67 490.85 490.72 490.75 490.83 490.71 490.87 490.76 490.81 490.82 490.82 490.79 490.64 490.64 490.61 490.61 490.62 -9999 -9999 495.69 495.71 495.64 495.57 495.44 495.4 495.43 495.3 495.23 495.19 495.15 495.17 495.12 495.06 495.05 495.07 495.14 495.17 495.12 494.99 494.75 494.84 494.56 494.53 494.21 494.23 494.4 494.11 493.78 493.54 493.42 493.54 493.27 493.2 493.15 492.93 493.06 492.82 492.7 492.51
