data/realblocks/ka5.asc
NCOLS 100
NROWS 100
XLLCORNER 1506552
YLLCORNER 5533496
CELLSIZE 5
NODATA_VALUE -9999
[rows 32 to 63 of 100, columns 0 to 71 of 100]
-9999 491.28 491.3 491.51 491.45 491.38 491.37 491.4 491.38 491.49 491.49 491.4 491.3 491.3 491.28 491.27 491.2 491.19 491.33 491.37 491.15 491.08 490.86 490.89 490.75 490.66 490.52 490.38 490.35 490.14 489.95 489.96 489.77 489.43 489.28 489.19 488.99 488.94 488.91 488.91 488.77 488.44 488.32 487.94 487.37 487.15 486.42 486.31 486.11 485.68 485.57 485.43 484.82 484.82 484.22 483.92 483.79 483.28 483.12 482.98 482.29 482.04 481.41 481.14 480.84 480.32 480.06 480.06 479.61 479.57 479.24 479.17
491.14 491.39 491.36 491.51 491.44 491.37 491.36 491.36 491.37 491.4 491.48 491.35 491.28 491.32 491.36 491.25 491.19 491.22 491.19 491.11 491.02 491.01 490.73 490.73 490.63 490.48 490.4 490.27 490.21 490.03 489.95 489.94 489.62 489.37 489.37 489.17 489 488.93 488.79 488.81 488.57 488.05 487.9 487.56 486.93 486.71 485.95 485.88 485.88 485.35 485.26 485.11 484.57 484.44 483.79 483.52 483.42 482.86 482.68 482.55 481.88 481.88 481.27 481.05 480.77 480.12 479.99 479.73 479.28 479.32 479 478.84
491.33 491.24 491.37 491.33 491.39 491.35 491.31 491.33 491.33 491.39 491.47 491.32 491.23 491.28 491.36 491.22 491.2 490.99 491.03 491.08 490.79 490.69 490.73 490.62 490.51 490.34 490.35 490.26 490.08 490.08 489.92 489.93 489.79 489.42 489.27 489.12 488.91 488.84 488.79 488.42 488.25 487.6 487.37 487.37 486.67 486.43 486.35 485.44 485.4 484.9 484.82 484.67 484.1 484 483.79 483.12 483.12 482.64 482.45 482.3 481.77 481.5 481.27 480.71 480.44 479.84 479.7 479.45 479.07 479.04 479.04 478.71
491.1 491.15 491.28 491.28 491.28 491.33 491.37 491.24 491.26 491.29 491.29 491.31 491.09 491.17 491.16 491.04 490.97 490.83 490.88 490.95 490.68 490.56 490.75 490.4 490.4 490.3 490.19 490.2 490.08 489.91 489.82 489.84 489.6 489.28 489.08 488.94 488.62 488.62 488.6 488.02 487.9 487.15 487.1 486.82 486.14 485.94 485.82 484.98 484.85 484.4 484.33 484.33 483.73 483.62 483.53 482.81 482.71 482.26 482.08 482.01 481.38 481.1 480.96 480.41 480.09 479.8 479.62 479.4 478.96 478.81 478.78 478.44
491.05 491.15 491.22 491.23 491.21 491.21 491.15 491.14 491.15 491.33 491.15 491.13 490.94 491.01 491.08 490.88 490.74 490.83 490.77 490.77 490.58 490.53 490.45 490.35 490.29 490.3 490.1 490.08 489.89 489.74 489.69 489.56 489.56 489.48 489 488.79 488.29 488.19 488.17 487.45 487.31 487.15 486.51 486.28 485.55 485.43 485.43 484.62 484.5 484.37 483.94 483.95 483.38 483.18 483.1 482.41 482.29 482.26 481.69 481.65 481.16 481.02 480.83 480.3 480.04 479.8 479.37 479.14 478.73 478.63 478.55 478.12
-9999 491.13 491.09 491.1 491.08 491.12 491.09 491.05 491.08 491.06 491.07 490.96 490.76 490.76 490.82 490.71 490.67 490.58 490.54 490.53 490.4 490.43 490.36 490.24 490.15 490.15 489.96 489.96 489.79 489.67 489.6 489.41 489.24 489.11 488.45 488.43 487.87 487.78 487.69 486.98 486.83 486.83 486.14 486.01 485.69 485.07 484.87 484.17 484.05 484.01 483.56 483.47 483.38 482.7 482.49 482.12 482.03 481.91 481.45 481.36 481.16 480.77 480.53 479.97 479.77 479.52 479.09 478.85 478.85 478.51 478.41 478.02
491 491.04 491.05 490.97 491.08 490.91 491.08 490.97 490.97 490.96 490.74 490.81 490.79 490.57 490.68 490.55 490.53 490.45 490.43 490.45 490.4 490.2 490.2 490.03 489.94 490.03 489.81 489.8 489.79 489.38 489.34 488.94 488.85 488.66 488.02 487.92 487.92 487.45 487.35 486.76 486.48 486.35 485.68 485.47 485.2 484.59 484.37 483.68 483.61 483.61 483.27 483.15 483.09 482.49 482.31 481.85 481.68 481.68 481.15 481.03 480.85 480.38 480.15 479.86 479.64 479.51 478.96 478.82 478.64 478.27 478.13 477.7
490.9 490.95 490.88 490.88 490.98 490.74 490.74 490.85 490.74 490.85 490.67 490.66 490.6 490.57 490.57 490.55 490.42 490.42 490.24 490.31 490.38 490.11 490.04 490.03 489.74 489.74 489.58 489.51 489.54 488.98 488.98 488.98 488.54 488.4 487.72 487.6 487.49 486.95 486.82 486.76 485.96 485.84 485.19 484.87 484.87 484.23 484.13 483.92 483.24 483.27 482.81 482.8 482.69 482.26 482.08 481.85 481.41 481.3 481.08 480.89 480.8 480.3 480.01 479.86 479.35 479.2 478.68 478.56 478.42 478.02 477.88 477.7
490.83 490.81 490.67 490.76 490.77 490.53 490.67 490.71 490.58 490.66 490.57 490.43 490.43 490.28 490.34 490.47 490.22 490.31 490.15 490.24 490.19 489.85 489.81 489.75 489.54 489.54 489.16 489.2 489.2 488.69 488.63 488.56 488.08 487.95 487.32 487.16 487.08 486.5 486.34 486.34 485.71 485.5 484.83 484.6 484.36 483.78 483.71 483.47 482.95 482.85 482.52 482.45 482.31 481.97 481.86 481.67 481.23 481.1 480.81 480.71 480.48 480 479.79 479.6 479.15 478.86 478.46 478.46 478.36 477.98 477.81 477.54
490.73 490.7 490.67 490.57 490.55 490.37 490.47 490.47 490.34 490.45 490.48 490.32 490.32 490.11 490.24 490.33 490.18 490.25 490.15 490.13 490.13 489.65 489.58 489.55 489.19 489.17 489.16 488.94 488.95 488.4 488.3 488.2 487.64 487.55 487.55 486.93 486.75 486.22 485.94 485.85 485.18 485.03 484.83 484.07 483.9 483.38 483.24 483.09 482.66 482.62 482.6 482.18 482.14 481.69 481.51 481.42 480.95 480.92 480.81 480.41 480.24 480.01 479.69 479.51 479.18 478.97 478.67 478.39 478.14 477.7 477.52 477.35
490.45 490.45 490.53 490.29 490.34 490.11 490.17 490.3 490.26 490.18 490.23 490.17 490.19 489.98 490.1 490.1 490.05 490.01 490.05 489.71 489.78 489.38 489.26 489.26 488.87 488.84 488.91 488.59 488.54 488.2 488.08 487.97 487.54 487.27 487.15 486.47 486.38 485.76 485.67 485.32 484.64 484.58 484.36 483.95 483.66 483.1 483.01 482.88 482.35 482.25 482.24 481.91 481.81 481.38 481.17 481.08 480.77 480.61 480.56 480.34 480.14 479.73 479.48 479.37 478.95 478.74 478.46 478.14 477.89 477.7 477.56 477.29
490.24 490.18 490.22 490.07 490.09 490.11 489.98 490.04 489.95 489.91 489.91 489.87 489.89 489.99 489.88 489.97 489.79 489.88 489.77 489.43 489.4 489.38 488.95 488.99 488.65 488.61 488.53 488.3 488.36 488.2 487.81 487.69 487.18 486.97 486.73 486.09 486.02 486.02 485.41 485.18 484.59 484.39 484.06 483.58 483.26 483.1 482.69 482.54 482.13 482.02 481.98 481.65 481.64 481.49 481.05 480.84 480.47 480.43 480.32 479.97 479.85 479.73 479.29 479.15 478.72 478.72 478.58 478.11 477.99 477.74 477.34 477.07
489.79 489.88 489.93 489.8 489.91 489.91 489.65 489.72 489.6 489.72 489.81 489.77 489.78 489.8 489.72 489.8 489.79 489.45 489.57 488.95 489.15 489 488.55 488.57 488.65 488.36 488.37 488 488.18 487.95 487.6 487.49 487.49 486.82 486.64 486.03 485.85 485.54 485.02 484.77 484.59 484.05 483.68 483.27 483.05 482.79 482.55 482.43 482.24 481.85 481.75 481.41 481.29 481.19 480.72 480.55 480.47 480.22 480.08 479.78 479.78 479.62 479.3 479.14 478.94 478.55 478.27 477.94 477.8 477.56 477.1 476.87
-9999 489.47 489.48 489.28 489.46 489.58 489.35 489.52 489.6 489.5 489.5 489.45 489.61 489.61 489.27 489.49 489.39 489.05 488.99 488.57 488.69 488.62 488.25 488.27 488.33 488.05 488.11 487.86 487.9 487.87 487.61 487.4 487.19 486.56 486.22 485.74 485.43 485.2 484.74 484.45 484.27 483.98 483.77 483.17 482.89 482.78 482.33 482.12 481.92 481.58 481.45 481.16 480.99 480.82 480.41 480.41 480.34 480.05 479.94 479.64 479.61 479.47 479.08 479 478.8 478.34 478.1 477.81 477.81 477.61 477.12 476.93
489.33 489.05 489.21 489.28 488.99 489.24 488.93 489.19 489.19 489.01 489.1 489.34 489.12 489.23 488.86 489.02 488.99 488.63 488.63 488.57 488.24 488.25 487.86 487.83 488.02 487.74 487.76 487.86 487.8 487.62 487.41 487.21 486.95 486.23 485.88 485.74 485.49 485.1 484.69 484.41 484.2 483.72 483.47 483.17 482.66 482.54 482.15 481.87 481.66 481.53 481.4 481.23 480.94 480.87 480.48 480.24 480.17 479.94 479.78 479.64 479.43 479.28 478.89 478.89 478.76 478.43 478.15 477.96 477.6 477.4 477.01 476.79
489.04 488.74 488.76 488.76 488.74 488.68 488.34 488.57 488.8 488.54 488.77 488.99 488.57 488.91 488.32 488.5 488.53 487.95 488.11 488.14 487.73 487.86 487.41 487.55 487.66 487.52 487.51 487.6 487.46 487.39 487.05 487.05 486.91 486.16 485.87 485.63 485.19 484.83 484.41 484.24 483.94 483.54 483.18 482.98 482.83 482.53 482.23 481.96 481.71 481.46 481.28 481.06 480.84 480.63 480.3 480.11 480.03 479.8 479.8 479.68 479.41 479.29 479.01 478.84 478.64 478.31 477.91 477.82 477.46 477.3 476.87 476.63
488.67 488.3 488.4 488.4 488.24 488.32 488.34 488.07 488.29 487.92 488.33 488.48 487.84 488.06 488.17 487.75 487.88 487.42 487.6 487.71 487.36 487.42 487.41 487.14 487.34 486.92 487.08 487.37 487.18 487.21 487.13 486.74 486.56 485.91 485.56 485.45 484.91 484.59 484.41 484.28 483.97 483.59 483.42 483.01 482.71 482.45 482.23 481.84 481.64 481.4 481.2 480.97 480.78 480.78 480.55 480.23 480.06 479.92 479.76 479.62 479.44 479.23 479.01 478.81 478.61 478.3 477.96 477.96 477.66 477.39 477.18 476.84
488.22 487.9 488.07 488.08 487.75 487.96 487.9 487.56 487.7 487.39 487.39 487.82 487.41 487.5 487.56 487.16 487.36 486.92 487.09 487.18 486.65 486.87 486.89 486.6 486.83 486.61 486.85 487 486.94 486.98 486.89 486.35 486.26 485.82 485.82 485.45 485.08 484.73 484.41 484.11 483.86 483.59 483.33 483.02 482.7 482.42 482.21 481.94 481.94 481.62 481.44 481.21 481.05 480.81 480.6 480.31 480.07 479.92 479.82 479.63 479.49 479.27 479.27 479.08 478.82 478.65 478.34 477.99 477.75 477.43 477.16 476.96
487.85 487.85 487.53 487.63 487.46 487.3 487.32 487.06 487.18 487.39 487.04 487.25 486.84 486.99 486.98 486.39 486.61 486.7 486.35 486.65 486.12 486.31 486.47 486.01 486.26 486.61 486.46 486.92 486.75 486.75 486.74 486.37 486.13 485.91 485.59 485.31 484.84 484.66 484.42 484.03 483.75 483.52 483.22 483.22 483.01 482.68 482.32 482.21 481.98 481.73 481.57 481.27 481.3 480.96 480.63 480.46 480.46 480.22 480.08 479.9 479.76 479.55 479.31 479.18 478.94 478.67 478.37 478.04 477.85 477.57 477.57 477.43
487.41 487.41 487 487.12 487.46 486.78 486.88 486.42 486.61 486.85 486.2 486.5 486.72 486.19 486.39 485.89 486.03 486.11 485.77 485.88 486.12 485.68 485.95 485.66 485.66 485.88 485.87 486.25 486.6 486.45 486.51 486.07 485.97 485.78 485.42 485.16 484.84 484.51 484.51 484.25 483.89 483.65 483.36 483.2 483.01 482.66 482.42 482.36 482.11 481.74 481.75 481.75 481.57 481.51 481.2 481.01 480.64 480.35 480.22 479.92 479.76 479.77 479.4 479.38 479.15 479.15 478.91 478.5 478.23 478 477.78 477.61
487.04 487.07 486.52 486.69 486.87 486.27 486.3 485.87 485.91 486.14 485.73 485.95 486.17 485.72 485.78 485.42 485.5 485.55 485.26 485.26 485.33 485.06 485.25 484.99 485.22 485.57 485.53 485.95 486.29 486.22 486.17 485.72 485.72 485.71 485.5 485.38 485.11 484.85 484.51 484.37 483.95 483.66 483.54 483.08 482.96 482.74 482.74 482.73 482.33 482.18 482.05 481.97 481.75 481.69 481.41 481.3 480.9 480.51 480.48 480.18 480.18 480.1 480.01 479.75 479.52 479.29 479.02 478.65 478.35 478.2 477.97 477.76
486.61 486.63 486.11 486.21 486.14 485.68 485.77 485.87 485.37 485.5 485.19 485.38 485.54 485.03 485.09 485.23 484.78 484.95 484.65 484.75 484.91 484.62 484.69 484.99 484.99 485.24 485.11 485.11 485.6 485.56 486.02 485.84 485.58 485.52 485.35 485.19 485.11 484.79 484.52 484.37 484.15 484.15 483.95 483.75 483.44 483.3 483.05 482.73 482.77 482.4 482.47 482.11 481.95 481.75 481.54 481.54 481.4 481.12 480.98 480.75 480.43 480.46 480.17 479.75 479.67 479.45 479.1 478.85 478.85 478.78 478.45 478.16
486.19 486.13 485.51 485.66 485.63 485.07 485.13 485.36 484.69 484.96 484.47 484.61 484.71 484.28 484.45 484.65 484.24 484.25 484.11 484.18 484.41 484.1 484.1 484.25 483.89 484.34 484.26 484.65 485.24 485.12 485.36 485.49 485.24 485.34 485.22 485.19 485.19 484.87 484.81 484.59 484.43 484.11 483.81 483.69 483.5 483.33 483.14 482.96 482.77 482.61 482.61 482.66 482.56 482.43 482.1 481.75 481.61 481.32 481.17 480.94 480.68 480.7 480.4 480.4 480.18 479.84 479.55 479.26 479.02 478.86 478.61 478.31
485.55 485.53 485.51 484.94 484.95 484.39 484.49 484.55 484.06 484.27 484.47 484.13 484.23 483.77 484.04 484.17 483.78 483.78 483.93 483.54 483.63 483.27 483.46 483.57 483.28 483.73 484.26 483.97 484.67 484.29 484.77 484.77 484.51 484.88 485.11 484.77 484.88 484.41 484.51 484.54 484.02 483.87 483.81 483.45 483.45 483.07 483.06 482.99 482.67 482.76 482.61 482.54 482.59 482.34 482.19 482.08 481.81 481.67 481.67 481.44 481.25 481.21 480.95 480.45 480.16 479.85 479.55 479.22 479.04 478.72 478.57 478.39
484.89 484.85 484.89 484.2 484.31 483.75 484.03 484 483.57 483.66 483.8 483.63 483.63 483.15 483.21 483.4 483.03 483.2 483.33 482.95 483.01 483.27 482.76 482.92 482.64 482.94 482.94 482.81 483.34 483.86 483.59 484.11 483.83 484.25 484.55 484.07 484.27 484.41 483.81 483.81 483.21 483.38 483.43 482.93 483 483.07 482.68 482.73 482.25 482.3 482.4 482.23 482.31 482.31 482.02 482.08 481.63 481.64 481.5 481.32 481.25 481.21 480.99 480.62 480.04 479.87 479.41 479.31 479.1 478.83 478.43 478.34
484.19 484.19 484.28 483.57 483.76 483.75 483.27 483.27 482.8 483.13 483.06 482.87 483.03 483.15 482.8 482.94 482.48 482.62 482.72 482.32 482.32 482.42 482.03 482.07 481.52 481.91 482.31 482.14 482.62 483.04 482.9 483.37 483.09 483.46 483.46 482.94 483.2 483.46 482.87 483.02 482.41 482.59 482.76 482.22 482.43 482.57 482.16 482.18 481.57 481.73 481.84 481.52 481.73 482.04 481.64 481.61 481.31 481.24 481.35 480.97 480.92 480.89 480.45 480.25 479.53 479.38 479.35 478.67 478.74 478.67 478.26 478.09
484.19 483.54 483.57 482.93 483.04 483.14 482.67 482.7 482.8 482.51 482.75 482.36 482.48 482.53 482.32 482.32 482.31 481.9 482.03 481.54 481.57 481.77 481.36 481.31 481.52 481.27 481.71 481.35 481.84 481.84 481.62 482.08 482.57 482.23 482.59 482.07 482.32 482.61 482 482.17 482.41 481.84 481.99 481.31 481.55 481.77 481.33 481.5 481.57 481.08 481.27 480.93 481.17 481.39 481.03 481.11 481.11 480.73 480.94 480.55 480.61 480.47 479.86 479.64 479.53 478.81 478.7 478.11 478.18 478.17 477.57 477.62
483.45 482.96 482.98 482.32 482.41 482.59 482.15 482.23 482.31 481.95 481.95 481.71 481.95 482.03 481.68 481.79 481.89 481.37 481.39 480.86 480.93 481.16 480.61 480.65 480.65 480.33 480.72 480.56 480.87 481.19 480.91 481.3 481.74 481.33 481.75 481.21 481.5 481.78 481.08 481.18 481.5 481.01 481.2 480.7 480.89 481.04 480.67 480.83 480.95 480.5 480.7 480.14 480.38 480.59 480.2 480.42 480.62 480.17 480.28 479.87 479.94 479.91 479.17 479.03 478.9 478.34 478.27 477.51 477.53 477.54 476.96 477.02
482.92 482.37 482.41 482.32 481.99 481.99 481.51 481.59 481.78 481.37 481.54 481.71 481.35 481.51 481.22 481.22 481.27 480.68 480.84 480.84 480.17 480.28 479.8 479.93 480.12 480.08 480.26 480.56 480.17 480.58 480.26 480.59 480.59 480.27 480.67 480.99 480.61 480.81 480.46 480.57 480.81 480.41 480.54 480.7 480.27 480.43 479.83 480.01 480.16 479.74 479.89 480.14 479.91 480.09 479.68 479.89 480.05 479.56 479.64 479.87 479.18 479.21 478.5 478.45 478.36 477.62 477.62 477.51 476.93 476.94 476.36 476.52
-9999 481.82 481.88 481.88 481.33 481.67 481 481.04 481.1 480.77 480.95 481.16 480.8 480.97 480.31 480.52 480.59 480.05 479.97 480.09 479.61 479.68 479.35 479.45 479.65 479.52 479.81 479.81 479.52 479.7 479.35 479.69 479.94 479.8 480.09 480.42 480.03 480.25 479.91 479.97 480.29 479.64 479.8 479.96 479.54 479.73 479.83 479.47 479.59 479.18 479.36 479.59 479.33 479.52 479.68 479.09 479.29 478.93 478.97 479.07 478.37 478.43 478.5 477.76 477.64 476.99 477.04 476.93 476.37 476.44 476.35 475.99
481.82 481.41 481.31 481.35 480.87 481.11 481 480.49 480.49 480.04 480.19 480.38 480.07 480.14 480.31 479.79 479.92 479.27 479.31 479.4 478.88 479.13 479.13 478.96 479.03 478.87 479.1 479.39 479.07 479.22 479.35 479.16 479.44 479.3 479.58 479.85 479.25 479.45 479.72 479.3 479.45 479.07 479.21 479.33 478.94 479.15 479.34 478.98 479.09 478.66 478.66 478.92 478.62 478.81 478.99 478.63 478.76 478.25 478.26 478.29 477.67 477.72 477.83 477.05 477 476.55 476.4 476.43 475.92 475.92 475.92 475.42
481.24 481.41 480.9 480.9 480.35 480.38 480.39 479.99 479.96 480.04 479.69 479.82 479.48 479.49 479.68 479.19 479.24 479.24 478.53 478.67 478.32 478.43 478.72 478.43 478.6 478.87 478.7 478.91 478.5 478.74 478.97 478.5 478.76 478.96 478.78 479.09 478.74 478.93 479.14 478.64 478.86 479.07 478.62 478.8 478.24 478.37 478.6 478.28 478.44 478.56 478.17 478.43 478.23 478.31 478.37 478.12 478.23 478.25 477.7 477.62 477.06 477.09 477.05 476.32 476.46 476.55 475.94 475.82 475.35 475.21 475.26 474.8
