data/realblocks/ka5.asc
NCOLS 100
NROWS 100
XLLCORNER 1506552
YLLCORNER 5533496
CELLSIZE 5
NODATA_VALUE -9999
[rows 0 to 31 of 100, columns 0 to 71 of 100]
483.01 483.04 483.06 483.04 483.02 483.13 483.16 483.12 483.07 482.91 482.88 483.07 482.94 483.11 482.95 482.79 483.02 482.87 482.61 482.83 482.64 482.96 482.7 482.51 482.62 482.62 482.37 482.44 482.38 482.69 482.44 482.2 482.46 482.18 481.96 482.09 481.88 482.03 481.85 481.85 482 481.8 481.66 481.93 481.71 482 481.76 481.58 481.82 481.6 481.32 481.51 481.4 481.88 481.77 481.66 482.18 482.06 481.95 482.52 482.4 482.88 482.67 482.26 482.58 482.29 482.29 482.58 482.37 482.54 482.34 482.13
483.1 483.04 483.11 483.14 483.19 483.32 483.32 483.23 483.45 483.21 483.11 483.34 483.32 483.45 483.41 483.2 483.49 483.29 482.97 483.21 483.21 483.53 483.41 483.16 483.31 483.08 482.69 482.89 482.78 482.69 482.91 482.69 482.87 482.65 482.65 482.75 482.45 482.26 482.39 482.25 482.34 482.19 482.05 482.32 482.09 482 482.18 481.99 482.46 482.25 482.03 482.24 482.02 481.88 482.34 482.3 482.79 482.67 482.61 483.13 483.02 483.02 483.38 483.05 483.28 483.11 482.79 483.04 482.85 482.54 482.79 482.65
483.31 483.31 483.27 483.39 483.32 483.33 483.52 483.48 483.61 483.5 483.37 483.73 483.65 483.45 483.87 483.87 484.27 484.06 483.74 483.95 483.68 483.53 483.93 483.64 483.76 483.49 483.1 483.35 483.24 483.24 483.55 483.39 483.55 483.27 483.06 483.07 482.78 482.64 482.75 482.59 482.67 482.58 482.58 482.81 482.65 482.49 482.79 482.63 482.94 482.72 482.49 482.72 482.54 482.43 482.89 482.92 483.42 483.37 483.24 483.77 483.67 483.49 483.75 483.49 483.76 483.47 483.25 483.48 483.25 483 483.36 483.16
-9999 483.49 483.43 483.57 483.55 483.52 483.78 483.73 483.61 483.79 483.79 484.21 484.22 484.18 484.63 484.47 484.27 484.58 484.18 484.4 484.2 484.19 484.48 484.09 484.09 484.11 483.83 483.96 483.79 483.69 483.87 483.77 483.55 483.6 483.37 483.44 483.18 483.18 483.28 483.06 482.93 483.07 482.94 483.15 482.97 482.93 483.22 483.12 482.94 483.18 482.94 483.39 483.21 483.05 483.48 483.45 483.42 483.87 483.78 484.2 484.1 483.95 484.17 483.97 483.76 484.11 483.86 483.97 483.74 483.55 483.7 483.57
483.48 483.68 483.68 483.87 483.79 483.79 484.15 484.14 484.2 484.28 484.17 484.66 484.84 484.74 485.19 485.02 484.78 485.02 485.02 485.1 484.92 484.76 485.11 484.89 484.52 484.53 484.21 484.31 484.24 484.1 484.28 484.06 484.06 484.09 483.91 483.96 483.77 483.56 483.67 483.43 483.25 483.44 483.29 483.5 483.36 483.29 483.73 483.66 483.55 483.81 483.58 483.82 483.67 483.53 483.94 483.99 483.91 484.33 484.27 484.61 484.61 484.47 484.74 484.51 484.29 484.43 484.22 484.27 484.01 483.83 483.96 483.81
-9999 484.14 483.94 483.89 484.11 484.13 484.5 484.46 484.41 484.59 484.58 484.66 485.2 485.2 485.44 485.56 485.39 485.59 485.47 485.1 485.48 485.38 485.5 485.19 484.86 484.9 484.57 484.57 484.73 484.64 484.8 484.55 484.37 484.39 484.17 483.96 484.05 483.85 483.94 483.77 483.62 483.97 483.82 483.68 483.89 483.77 484.18 484.07 483.96 484.22 484.04 483.82 484.09 484.01 484.47 484.4 484.46 484.81 484.73 484.7 484.95 484.85 485.03 484.76 484.65 484.64 484.43 484.27 484.39 484.18 484.19 484.07
484.04 484.32 484.35 484.19 484.5 484.44 484.84 484.8 484.8 485.04 485.01 485.01 485.53 485.48 485.82 485.81 485.76 485.99 485.87 485.57 485.8 485.77 486.03 485.79 485.44 485.49 485.24 484.88 485.08 484.96 485.05 484.86 484.61 484.65 484.45 484.24 484.57 484.37 484.59 484.37 484.15 484.31 484.24 484.11 484.31 484.22 484.57 484.5 484.37 484.76 484.56 484.39 484.57 484.53 484.85 484.87 484.89 485.21 485.15 485.11 485.32 485.18 485.03 485.33 485.09 484.99 484.77 484.56 484.51 484.31 484.19 484.16
484.33 484.68 484.69 484.69 485.04 484.87 484.82 485.32 485.23 485.38 485.32 485.37 485.83 485.74 485.82 486.1 486.03 486.26 486.21 486.17 486.33 486.11 486.03 486.04 485.81 485.81 485.48 485.19 485.39 485.29 485.29 485.3 485.11 485.15 484.97 484.77 484.87 484.73 484.59 484.72 484.51 484.72 484.6 484.49 484.91 484.74 484.69 484.96 484.83 485.04 484.96 484.79 484.97 484.87 484.85 485.27 485.26 485.62 485.62 485.56 485.85 485.67 485.51 485.51 485.24 485.07 484.84 484.74 484.58 484.35 484.25 484.18
-9999 485.11 485.07 485.05 485.31 485.22 485.21 485.54 485.53 485.38 485.64 485.73 486.02 486.05 485.98 486.32 486.3 486.26 486.41 486.37 486.52 486.46 486.23 486.31 485.97 485.97 486.1 485.78 485.84 485.71 485.57 485.55 485.34 485.15 485.29 485.13 485.26 485.07 484.91 485.26 485.08 484.87 485.13 484.97 485.23 485.11 485.11 485.25 485.12 485.04 485.24 485.09 485.31 485.31 485.25 485.64 485.67 485.68 486 485.96 486.1 485.92 485.7 485.58 485.35 485.07 485.09 484.87 484.79 484.57 484.32 484.26
485.04 485.11 485.5 485.36 485.64 485.59 485.59 485.94 485.9 485.79 486.02 486.05 486.33 486.33 486.25 486.62 486.54 486.48 486.7 486.62 486.79 486.73 486.65 486.73 486.5 486.23 486.33 486.04 486.2 486 485.78 485.75 485.57 485.41 485.63 485.56 485.67 485.55 485.44 485.57 485.43 485.17 485.42 485.32 485.47 485.46 485.41 485.58 485.58 485.48 485.63 485.53 485.69 485.64 485.61 485.9 485.99 486.03 486.35 486.34 486.26 486.26 486.1 485.93 485.66 485.38 485.07 484.95 484.71 484.5 484.34 484.12
485.45 485.45 485.75 485.72 485.7 486.01 485.97 486.26 486.27 486.08 486.34 486.28 486.33 486.53 486.53 486.84 486.86 486.78 486.94 486.87 486.79 487.03 486.92 487.02 486.8 486.5 486.59 486.3 486.2 486.51 486.33 486.28 486.02 485.87 486.05 485.87 485.67 485.82 485.72 485.8 485.71 485.54 485.84 485.77 485.63 485.78 485.76 485.95 485.87 485.79 485.86 485.81 485.69 485.85 485.84 486.2 486.2 486.27 486.53 486.51 486.46 486.31 486.17 485.88 485.63 485.35 485.03 484.88 484.71 484.45 484.45 484.15
485.75 485.71 486.04 486.12 486.07 486.31 486.28 486.59 486.58 486.33 486.64 486.57 486.66 486.87 486.8 487.18 487.09 487.01 487.24 487.14 487.13 487.33 487.18 487.17 487.17 486.98 487.14 486.87 486.62 486.86 486.6 486.53 486.26 486.15 486.31 486.14 486.02 486.26 486.12 486.24 486.04 485.96 486.07 486.01 485.92 486.02 485.99 486.11 486.13 485.96 486.1 486.1 485.97 486.04 486.11 486.24 486.32 486.43 486.45 486.51 486.47 486.23 486.07 485.65 485.49 485.49 485.09 484.9 484.78 484.42 484.28 483.88
486.09 486.1 486.36 486.32 486.41 486.63 486.54 486.59 486.86 486.71 486.95 486.93 486.9 487.07 487.04 487.18 487.32 487.29 487.5 487.5 487.35 487.67 487.6 487.45 487.43 487.29 487.39 487.11 486.95 487.07 486.77 486.53 486.71 486.54 486.63 486.56 486.4 486.5 486.4 486.24 486.33 486.14 486.37 486.23 486.15 486.22 486.22 486.16 486.32 486.28 486.27 486.24 486.07 486.13 486.19 486.24 486.33 486.42 486.31 486.42 486.42 486.17 486.06 485.9 485.43 485.28 484.79 484.66 484.55 484.18 484 483.88
-9999 486.37 486.6 486.69 486.61 486.91 486.86 486.9 487.07 487 487.21 487.28 487.24 487.63 487.35 487.29 487.63 487.53 487.82 487.83 487.66 487.96 487.9 487.66 487.64 487.49 487.62 487.62 487.34 487.42 487.27 486.93 486.9 486.75 486.63 486.77 486.62 486.75 486.64 486.45 486.57 486.57 486.42 486.59 486.48 486.47 486.36 486.33 486.42 486.38 486.27 486.24 486.18 486.17 486.17 486.17 486.14 486.29 486.31 486.1 486.23 485.91 485.83 485.64 485.18 485 484.79 484.44 484.44 483.96 483.81 483.7
486.81 486.66 486.6 486.93 486.93 487.18 487.17 487.2 487.49 487.5 487.29 487.55 487.57 487.9 487.69 487.64 487.98 487.81 487.82 487.96 488.02 488.25 488.25 488.1 488.01 487.83 487.87 487.75 487.61 487.62 487.41 487.08 487.18 486.95 486.91 486.96 486.96 487.05 486.96 486.85 486.89 486.76 486.65 486.75 486.61 486.57 486.51 486.49 486.53 486.53 486.48 486.32 486.23 486.15 486.16 486.16 486.05 486.09 486.12 485.92 485.96 485.56 485.47 485.47 484.82 484.81 484.59 484.19 484.15 483.63 483.49 483.38
487.06 487 486.91 487.27 487.23 487.31 487.48 487.5 487.7 487.69 487.65 487.89 487.92 487.9 487.91 487.98 488.1 488.1 488.07 488.22 488.17 488.2 488.42 488.24 488.16 488.04 488.07 488.01 487.72 487.62 487.82 487.58 487.5 487.35 487.17 487.31 487.18 487.05 487.12 487.01 487.07 486.95 486.84 486.94 486.94 486.76 486.69 486.58 486.6 486.59 486.45 486.36 486.22 486.15 486.01 486.04 485.83 485.87 485.87 485.52 485.73 485.63 485.18 485.08 484.49 484.39 484.23 483.85 483.78 483.63 483.16 483.05
487.33 487.28 487.4 487.49 487.53 487.48 487.73 487.86 487.98 487.96 487.94 488.38 488.38 488.24 488.36 488.23 488.5 488.36 488.27 488.47 488.39 488.43 488.54 488.41 488.42 488.42 488.3 488.37 488.14 487.89 488.02 487.75 487.7 487.51 487.39 487.44 487.41 487.29 487.36 487.36 487.36 487.22 487.14 487.28 487.03 486.87 486.75 486.63 486.66 486.58 486.47 486.27 486.08 486.08 485.85 485.87 485.66 485.63 485.64 485.32 485.33 485.24 484.82 484.68 484.24 484.03 484.03 483.52 483.5 483.38 482.87 482.77
487.33 487.55 487.53 487.83 487.78 487.76 488.03 488.05 488.06 488.33 488.24 488.61 488.6 488.56 488.62 488.52 488.5 488.57 488.53 488.58 488.58 488.71 488.86 488.7 488.6 488.68 488.47 488.56 488.28 488.13 488.17 487.89 487.7 487.71 487.71 487.78 487.68 487.57 487.68 487.51 487.36 487.36 487.25 487.33 487.16 486.93 486.83 486.7 486.7 486.65 486.49 486.3 486.16 485.96 485.76 485.74 485.66 485.48 485.36 485.11 484.98 484.98 484.56 484.43 484.31 483.84 483.7 483.21 483.08 483.01 482.48 482.41
487.65 488 487.99 488.15 488.1 488.14 488.46 488.4 488.35 488.64 488.61 488.9 488.92 488.72 488.83 488.83 488.85 489.02 488.87 488.99 488.83 488.89 488.95 488.87 488.71 488.81 488.86 488.68 488.39 488.39 488.5 488.29 488.07 488.07 487.92 487.98 487.9 487.76 487.84 487.62 487.58 487.42 487.42 487.49 487.42 487.2 487.01 486.89 486.78 486.62 486.45 486.19 485.98 485.82 485.64 485.59 485.59 485.32 485.25 484.88 484.81 484.68 484.22 484.09 483.84 483.4 483.31 483.21 482.76 482.58 482.26 482.2
487.98 488.28 488.17 488.15 488.41 488.33 488.69 488.79 488.65 488.92 488.92 488.92 489.27 489.11 489.29 489.09 489.06 489.22 489.12 488.99 489.08 489.07 489.2 489.04 489.04 489.18 489.06 489.06 488.85 488.64 488.74 488.51 488.28 488.22 488.1 487.98 487.99 487.99 488.06 487.94 487.83 487.81 487.51 487.49 487.42 487.2 487.02 486.91 486.76 486.61 486.38 486.38 486.09 485.86 485.64 485.47 485.36 485.21 485.07 484.88 484.57 484.4 483.88 483.73 483.59 483.25 483.01 483 482.46 482.38 481.98 481.88
488.36 488.52 488.55 488.54 488.68 488.68 489.02 488.99 489.04 489.32 489.21 489.16 489.49 489.52 489.29 489.4 489.34 489.49 489.49 489.39 489.49 489.32 489.3 489.35 489.25 489.51 489.25 489.18 489.02 488.85 488.74 488.63 488.63 488.57 488.42 488.24 488.25 488.14 488.06 487.99 487.96 487.87 487.62 487.55 487.41 487.16 487.16 487 486.83 486.78 486.58 486.31 486.04 485.8 485.64 485.4 485.29 485.02 484.91 484.64 484.57 484.3 484.13 483.56 483.4 482.96 482.75 482.63 482.22 482.13 481.98 481.53
-9999 488.92 488.8 488.79 488.98 489.08 489.02 489.31 489.29 489.46 489.43 489.41 489.75 489.75 489.76 489.75 489.69 489.84 489.71 489.55 489.69 489.59 489.56 489.62 489.46 489.57 489.58 489.58 489.38 489.17 489.04 488.99 488.72 488.69 488.55 488.39 488.36 488.31 488.18 488.05 487.96 487.97 487.86 487.65 487.56 487.36 487.18 486.99 486.87 486.67 486.51 486.25 486 485.72 485.55 485.49 485.34 485.07 484.93 484.73 484.32 483.98 483.81 483.31 482.99 482.68 482.47 482.32 482 481.85 481.75 481.29
488.98 488.92 489.18 489.08 489.27 489.33 489.37 489.7 489.7 489.55 489.74 489.7 489.93 489.94 489.91 489.88 489.87 489.84 490 489.82 489.83 489.81 489.81 490 489.74 489.66 489.84 489.82 489.49 489.36 489.19 489.07 488.87 488.69 488.59 488.51 488.59 488.43 488.3 488.21 488.06 487.97 487.78 487.71 487.54 487.32 487.15 486.98 486.89 486.89 486.63 486.47 486.12 485.9 485.65 485.46 485.27 485.07 484.68 484.44 484.04 483.7 483.47 483.17 483.02 482.69 482.33 482.1 481.67 481.56 481.41 481.01
489.25 489.2 489.41 489.41 489.62 489.68 489.58 489.86 489.84 489.87 490.02 489.94 490.22 490.22 490.05 490.07 490.15 490.15 490.3 490.19 490.14 490.05 489.97 490.11 490.02 489.93 490.01 489.9 489.64 489.43 489.43 489.44 489.17 488.96 488.88 488.71 488.61 488.49 488.34 488.17 488.04 487.94 487.72 487.65 487.58 487.51 487.28 487.08 486.96 486.89 486.56 486.42 486 485.67 485.55 485.29 485.08 484.86 484.64 484.49 484.02 483.73 483.43 482.88 482.65 482.47 482.02 481.81 481.35 481.33 481.1 480.78
489.58 489.53 489.72 489.67 489.62 489.92 489.93 490.13 490.08 490.16 490.23 490.11 490.11 490.47 490.4 490.48 490.26 490.34 490.51 490.32 490.14 490.35 490.15 490.31 490.16 490.16 490.24 490.23 489.98 489.75 489.58 489.47 489.19 489.05 488.9 488.76 488.61 488.48 488.31 488.35 488.15 488 487.79 487.71 487.58 487.49 487.17 487.07 486.92 486.81 486.51 486.31 486 485.94 485.61 485.33 485.09 484.84 484.47 484.24 484.02 483.42 483.13 482.56 482.33 482.21 481.69 481.69 481.56 481.08 481.04 480.53
489.8 489.78 490.05 489.96 489.93 490.23 490.23 490.46 490.4 490.33 490.59 490.46 490.42 490.67 490.64 490.57 490.59 490.54 490.69 490.47 490.47 490.46 490.44 490.6 490.44 490.33 490.41 490.37 490.06 489.84 489.7 489.54 489.31 489.08 489.1 488.92 488.79 488.61 488.47 488.35 488.11 487.94 487.77 487.74 487.52 487.41 487.19 487.07 487.1 486.9 486.71 486.46 486.2 485.85 485.46 485.33 484.92 484.64 484.25 484 483.75 483.51 483.19 482.84 482.34 481.97 481.58 481.46 481.27 480.82 480.73 480.53
490.06 490.06 490.29 490.22 490.25 490.54 490.47 490.46 490.65 490.64 490.81 490.74 490.78 490.86 490.79 490.79 490.8 490.78 490.92 490.84 490.63 490.68 490.6 490.6 490.57 490.54 490.43 490.36 490.03 490.06 489.96 489.79 489.54 489.34 489.02 488.91 488.8 488.6 488.44 488.29 488.06 487.94 487.74 487.74 487.59 487.49 487.28 487.2 487.06 486.86 486.63 486.37 486.14 485.67 485.34 485.16 485.01 484.74 484.18 484.03 483.77 483.19 482.89 482.53 482.07 481.76 481.18 481.1 481 480.59 480.59 480.44
490.42 490.34 490.29 490.62 490.61 490.85 490.74 490.69 490.87 490.97 490.97 490.93 490.98 491.03 491.02 490.9 490.92 490.98 490.92 490.91 490.81 490.88 490.85 490.72 490.79 490.67 490.66 490.53 490.33 490.09 490.02 489.8 489.5 489.26 489.02 488.92 488.73 488.76 488.62 488.49 488.28 488.1 487.94 487.8 487.56 487.47 487.23 487.15 486.97 486.81 486.63 486.5 486.26 485.75 485.45 485.2 484.82 484.51 484.18 483.79 483.56 482.96 482.54 482.27 481.74 481.74 481.53 480.96 480.87 480.46 480.3 480.18
490.56 490.68 490.61 490.84 490.81 490.98 490.95 490.94 491.09 491.09 491.06 491.29 491.1 491.13 491.16 491.06 491.14 491.13 491.13 491.24 491.09 491.08 491.03 490.92 490.92 490.65 490.68 490.53 490.2 490.09 490.08 489.81 489.76 489.45 489.21 488.99 488.9 488.75 488.6 488.43 488.24 488.12 487.87 487.75 487.67 487.45 487.45 487.26 486.98 486.86 486.77 486.28 486.02 485.46 485.15 484.95 484.5 484.21 483.95 483.38 483.38 482.88 482.59 482.29 481.65 481.41 481.2 480.68 480.59 480.21 480.04 479.93
490.84 490.81 490.79 491.12 491.1 490.98 491.16 491.08 491.2 491.23 491.13 491.24 491.2 491.2 491.24 491.22 491.09 491.2 491.3 491.34 491.27 491.08 491.17 491.07 490.85 490.67 490.56 490.5 490.39 490.12 490.1 490.04 489.68 489.42 489.18 489 488.86 488.75 488.65 488.44 488.34 488.34 488.17 487.9 487.73 487.61 487.31 487.15 486.73 486.66 486.47 485.99 485.73 485.46 484.86 484.86 484.34 484.23 484.02 483.45 483.13 482.88 482.26 481.97 481.37 481.08 480.9 480.42 480.42 480.33 479.99 479.75
491.06 491.03 491.1 491.21 491.15 491.17 491.21 491.25 491.31 491.35 491.37 491.33 491.25 491.24 491.34 491.24 491.18 491.26 491.36 491.3 491.24 491.24 491.18 491.18 490.85 490.75 490.78 490.46 490.33 490.11 490.06 490 489.56 489.3 489.17 488.98 488.98 488.86 488.78 488.66 488.58 488.41 488.23 487.89 487.67 487.47 487.03 486.88 486.43 486.43 486.35 485.83 485.69 485.41 484.7 484.59 484.06 483.94 483.75 483.04 482.78 482.53 481.89 481.89 481.6 481.02 480.77 480.19 480.15 480.08 479.72 479.58
491.06 491.35 491.18 491.45 491.35 491.22 491.42 491.35 491.31 491.42 491.43 491.4 491.31 491.21 491.28 491.29 491.18 491.29 491.33 491.37 491.26 491.28 491.09 491.02 490.85 490.66 490.53 490.43 490.17 490.11 490 490 489.9 489.51 489.33 489.19 488.99 488.9 488.92 488.71 488.58 488.43 488.15 487.74 487.74 487.47 486.88 486.68 486.52 486.07 485.97 485.43 485.23 485.07 484.32 484.14 484.06 483.54 483.54 482.98 482.68 482.49 481.77 481.51 481.26 480.67 480.36 479.91 479.8 479.78 479.45 479.33
