data/realblocks/ka5.asc
NCOLS 100
NROWS 100
XLLCORNER 1506552
YLLCORNER 5533496
CELLSIZE 5
NODATA_VALUE -9999
[rows 64 to 95 of 100, columns 0 to 71 of 100]
480.76 480.78 480.38 480.28 479.85 480.01 479.88 479.46 479.51 479.68 479.12 479.31 478.72 478.74 478.81 478.36 478.41 478.45 477.82 478.07 477.8 478 478.3 478.06 478.18 478.51 478.01 478.3 477.96 477.93 478.17 477.97 478.26 478.47 478.23 478.5 478.14 478.35 478.55 477.97 478.12 478.29 477.85 478.08 477.74 477.84 478.08 477.78 477.93 478.05 477.72 477.91 477.55 477.55 477.75 477.28 477.44 477.61 477.07 477.09 476.48 476.45 476.4 475.88 475.91 475.83 475.39 475.39 474.8 474.8 474.81 474.4
480.2 480.36 479.88 479.82 479.85 479.49 479.42 478.92 478.98 479.01 478.6 478.65 478.72 478.2 478.23 477.62 477.73 477.78 477.22 477.54 477.54 477.38 477.61 477.55 477.63 477.78 477.63 477.81 477.96 477.43 477.66 477.49 477.71 477.99 477.5 477.76 477.96 477.58 477.77 477.4 477.59 477.74 477.3 477.45 477.74 477.36 477.59 477.25 477.25 477.37 477.01 477.22 477.38 477.1 477.2 476.87 476.86 477.02 476.52 476.5 476.48 475.88 475.88 475.34 475.33 475.35 474.89 474.91 474.8 474.31 474.34 474.03
479.79 479.82 479.2 479.22 479.29 478.87 478.92 478.46 478.53 478.57 478.14 478.25 478.32 477.77 477.63 477 476.98 477.07 476.62 476.97 477.08 476.99 477.25 477.05 477.16 477.38 477.18 477.26 477.45 476.91 477.02 476.8 477.02 477.26 477 477.24 477.4 477.04 477.24 476.82 477.02 477.18 476.75 476.75 476.97 476.71 476.86 476.62 476.79 476.87 476.53 476.71 476.88 476.54 476.75 476.38 476.38 476.39 475.87 475.91 475.9 475.36 475.4 474.86 474.87 474.86 474.46 474.45 474.34 473.92 473.92 473.52
479.12 479.23 478.83 478.71 478.85 478.5 478.41 478.46 478.05 478.22 477.74 477.8 477.78 477.28 477.18 477 476.41 476.46 476.19 476.51 476.77 476.73 476.95 477.05 476.57 476.67 476.49 476.64 476.76 476.37 476.57 476.8 476.57 476.77 476.53 476.69 476.86 476.47 476.47 476.69 476.33 476.51 476.19 476.31 476.55 476.28 476.46 476.62 476.37 476.46 476.13 476.13 476.25 476.01 476.1 476.19 475.87 475.88 475.43 475.45 475.4 474.94 474.82 474.86 474.4 474.4 474.07 474.12 473.97 473.57 473.49 473.52
478.62 478.8 478.36 478.33 478.38 477.87 478.07 478.09 477.55 477.68 477.28 477.34 477.34 476.81 476.67 476.51 475.93 475.95 475.93 475.93 476.17 476.03 476.2 476.59 476.2 476.25 476.49 476.29 476.27 475.84 476.06 476.37 475.91 476.07 476.32 476.04 476.22 475.87 476.04 476.17 475.87 476.03 476.19 475.97 476.13 475.88 475.88 476.08 475.81 475.96 476.01 475.72 475.85 475.62 475.66 475.71 475.39 475.38 475.43 474.96 474.96 474.53 474.45 474.47 473.95 473.99 474.07 473.66 473.6 473.14 473.09 473.2
477.96 478.17 478.26 477.94 477.88 477.53 477.56 477.58 477.15 477.26 477.28 476.93 476.94 476.4 476.4 476.17 475.48 475.5 475.67 475.6 475.91 475.75 475.83 476.2 475.77 475.81 476.03 475.61 475.69 475.37 475.43 475.68 475.51 475.65 475.9 475.59 475.77 475.42 475.59 475.74 475.49 475.49 475.64 475.36 475.56 475.3 475.5 475.7 475.45 475.55 475.6 475.35 475.41 475.2 475.22 475.22 474.91 474.93 474.95 474.52 474.53 474.07 474.01 474.01 473.6 473.65 473.58 473.32 473.16 472.8 472.83 472.79
477.58 477.73 477.84 477.46 477.61 477.53 477.06 477.11 476.68 476.72 476.82 476.42 476.45 476.45 475.89 475.74 475.15 475.22 475.45 475.41 475.6 475.75 475.32 475.58 475.29 475.37 475.49 475.21 475.27 475.37 475.02 475.3 475.09 475.21 475.41 475.22 475.22 475.36 475.04 475.17 474.92 475.11 475.22 475.01 475.13 475.3 475.16 475.32 475.05 475.16 475.16 474.81 474.96 475.16 474.79 474.84 474.57 474.61 474.57 474.16 474.19 474.07 473.61 473.61 473.24 473.26 473.31 473.05 472.92 472.8 472.5 472.44
477.22 477.28 477.47 476.99 477.07 477.08 476.73 476.6 476.31 476.27 476.42 476.02 476.03 475.99 475.4 475.25 474.75 474.75 474.88 474.78 475.04 475.21 475.06 475.16 474.85 474.99 475.1 474.83 474.86 474.93 474.69 474.69 474.59 474.72 474.86 474.66 474.83 474.92 474.66 474.79 474.54 474.71 474.87 474.6 474.6 474.79 474.62 474.76 474.61 474.68 474.8 474.47 474.63 474.73 474.44 474.47 474.16 474.22 474.22 473.81 473.87 473.84 473.43 473.29 472.96 473.05 473.08 472.68 472.71 472.52 472.17 472.18
-9999 476.77 476.8 476.59 476.65 476.56 476.3 476.21 476.31 475.89 475.96 475.65 475.65 475.65 475.23 474.95 474.82 474.54 474.68 474.51 474.62 474.88 474.69 474.94 474.85 474.58 474.58 474.37 474.4 474.47 474.11 474.41 474.59 474.35 474.51 474.3 474.47 474.54 474.3 474.3 474.45 474.26 474.4 474.16 474.32 474.5 474.29 474.43 474.61 474.34 474.42 474.15 474.31 474.31 474 474.13 474.12 473.86 473.86 473.49 473.48 473.48 473.03 473.03 472.96 472.8 472.83 472.51 472.53 472.29 472.06 471.95
476.52 476.38 476.55 476.27 476.33 476.31 475.88 475.88 475.9 475.59 475.53 475.23 475.25 475.26 474.79 474.58 474.45 474.16 474.33 474.42 474.42 474.36 474.29 474.31 474.48 474.23 474.21 473.99 474.04 474.14 473.79 474.07 474.25 474.02 474.02 473.84 473.98 474.07 473.83 474 474.11 473.95 474.07 473.85 474.05 474.15 473.94 474.13 474.13 473.95 474.05 474.03 473.86 473.94 473.7 473.71 473.86 473.52 473.49 473.49 473.2 473.2 472.88 472.86 472.77 472.48 472.56 472.51 472.25 472.12 471.84 471.73
476.12 476.07 476.07 476.18 475.87 475.93 475.68 475.48 475.42 475.1 475.18 475.23 474.88 474.86 474.37 474.37 474.19 473.83 473.89 474.02 473.97 474.05 473.76 474.06 474.09 473.78 473.91 473.99 473.7 473.7 473.31 473.56 473.8 473.58 473.68 473.84 473.67 473.75 473.49 473.68 473.79 473.59 473.75 473.75 473.48 473.66 473.52 473.62 473.81 473.61 473.66 473.73 473.5 473.6 473.44 473.41 473.5 473.21 473.35 473.23 472.91 472.95 472.63 472.62 472.53 472.33 472.31 472.31 472.12 471.93 471.74 471.65
475.55 475.49 475.77 475.87 475.42 475.63 475.68 475.16 475.05 474.73 474.73 474.77 474.48 474.59 474.48 473.97 473.87 473.55 473.62 473.68 473.54 473.66 473.76 473.69 473.69 473.45 473.41 473.55 473.37 473.41 473.31 473.33 473.5 473.24 473.36 473.53 473.34 473.39 473.39 473.17 473.34 473.11 473.26 473.35 473.17 473.38 473.52 473.37 473.49 473.33 473.39 473.39 473.17 473.28 473.36 473.16 473.17 472.99 473.02 473.04 472.86 472.78 472.63 472.38 472.31 472.16 472.18 472.19 472.02 471.87 471.74 471.55
475.22 475.18 475.49 475.52 475.18 475.18 475.13 474.75 474.72 474.32 474.37 474.4 474.14 474.15 474.1 473.57 473.47 473.25 473.26 473.26 473.14 473.25 473.34 473.25 473.44 473.07 473.18 473.19 472.9 472.93 472.96 473.02 473.02 472.83 472.92 473.05 472.89 472.97 473.04 472.86 473.02 472.84 472.97 473.08 472.9 473.13 473.13 472.98 473.19 473.01 473.08 473.11 472.96 473.04 473.18 472.94 472.98 472.84 472.85 472.81 472.61 472.6 472.61 472.35 472.22 472.09 472.14 472.06 471.92 471.7 471.6 471.37
474.58 474.98 474.85 475.08 474.63 474.67 474.78 474.3 474.24 474.32 474.07 474.06 473.77 473.77 473.77 473.39 473.27 473.18 472.95 473.05 472.83 472.97 473.1 472.96 473.1 473.07 472.84 472.84 472.59 472.53 472.61 472.49 472.72 472.83 472.62 472.76 472.58 472.61 472.73 472.63 472.71 472.71 472.57 472.75 472.53 472.66 472.85 472.73 472.89 473.01 472.84 472.89 472.79 472.88 472.88 472.72 472.79 472.85 472.68 472.7 472.47 472.46 472.46 472.26 472.14 472.09 471.95 471.87 471.66 471.66 471.56 471.37
474.22 474.58 474.54 474.55 474.13 474.19 474.35 473.87 473.87 473.86 473.56 473.68 473.38 473.48 473.48 473.02 472.99 472.9 472.68 472.79 472.56 472.67 472.67 472.44 472.77 472.65 472.43 472.49 472.3 472.2 472.25 472.21 472.42 472.51 472.34 472.47 472.18 472.26 472.32 472.16 472.32 472.42 472.3 472.45 472.27 472.47 472.6 472.54 472.7 472.78 472.6 472.65 472.56 472.66 472.76 472.61 472.65 472.68 472.54 472.6 472.35 472.38 472.32 472.19 472.18 472.08 471.84 471.81 471.66 471.56 471.44 471.27
473.91 474.26 474.1 474.1 474.21 473.69 473.79 473.47 473.59 473.47 473.24 473.36 473.38 473.21 473.14 472.69 472.65 472.65 472.32 472.36 472.41 472.3 472.4 472.21 472.39 472.39 472.08 472.18 472.3 471.94 471.94 471.69 471.96 472.15 471.93 472.09 472.18 471.99 472.05 471.92 472.05 472.16 472.1 472.19 472.27 472.07 472.26 472.25 472.43 472.51 472.47 472.46 472.56 472.51 472.51 472.44 472.6 472.54 472.52 472.46 472.51 472.29 472.28 472.16 472.05 472.03 471.96 471.75 471.66 471.62 471.33 471.17
473.18 473.55 473.41 473.66 473.65 473.22 473.41 473.09 473.1 473.19 472.98 473.04 473.04 472.7 472.79 472.43 472.37 472.32 472.04 472.14 472.11 471.95 472.06 472.21 472.03 472.06 471.8 471.86 471.9 471.57 471.61 471.69 471.81 471.86 471.66 471.83 471.93 471.73 471.78 471.78 471.62 471.77 471.71 471.87 471.99 471.93 472.05 472.25 472.25 472.41 472.34 472.34 472.42 472.29 472.35 472.4 472.3 472.5 472.39 472.37 472.34 472.24 472.3 472.16 471.89 471.9 471.78 471.78 471.72 471.54 471.37 471.29
472.83 473.15 473.01 473.2 473.27 472.75 473.2 473.2 472.65 472.64 472.37 472.58 472.69 472.33 472.37 472.43 472.09 471.99 471.75 471.79 471.98 471.61 471.69 471.79 471.62 471.72 471.49 471.61 471.61 471.33 471.37 471.52 471.53 471.61 471.32 471.41 471.59 471.41 471.44 471.5 471.47 471.58 471.49 471.66 471.73 471.76 471.83 472.03 471.88 472.1 472.09 472.15 472.22 472.21 472.35 472.33 472.22 472.37 472.25 472.27 472.27 472.18 472.18 472.15 472.02 471.8 471.69 471.72 471.6 471.46 471.36 471.26
472.49 472.76 472.76 472.62 472.77 472.32 472.41 472.61 472.34 472.23 472.37 472.2 472.27 472 472.05 472.05 471.76 471.79 471.75 471.44 471.49 471.25 471.38 471.49 471.51 471.44 471.49 471.28 471.35 471.11 470.99 471.07 471.09 471.26 471.32 471.22 471.32 471.16 471.19 471.3 471.2 471.31 471.49 471.29 471.42 471.35 471.58 471.79 471.8 471.94 472.09 472.05 472.09 472.14 472.17 472.21 472.24 472.24 472.25 472.26 472.35 472.15 472.11 472.09 471.83 471.71 471.69 471.53 471.62 471.27 471.27 471.29
471.98 472.23 472.34 472.24 472.37 472.11 472.16 472.19 471.86 472.03 472.03 471.83 471.88 471.63 471.69 471.81 471.48 471.51 471.5 471.27 471.24 471.04 471.12 471.28 471.03 471.18 471.11 470.95 471.05 470.74 470.77 470.95 470.87 471.02 471.07 471 471.11 470.89 470.89 470.94 470.88 470.96 471.08 471.09 471.27 471.22 471.44 471.6 471.69 471.93 472.02 471.99 471.97 471.97 472.02 472.09 472.06 472.21 472.17 472.15 472.17 471.96 471.95 471.91 471.56 471.56 471.69 471.49 471.42 471.15 471.16 471.13
471.62 471.86 472.04 471.93 471.99 471.99 471.72 472 471.53 471.65 471.71 471.53 471.58 471.63 471.42 471.47 471.2 471.15 471.15 470.87 471 470.95 470.86 470.95 470.81 470.91 470.93 470.8 470.83 470.74 470.61 470.68 470.68 470.68 470.77 470.61 470.77 470.85 470.64 470.69 470.67 470.76 470.9 470.92 471.08 471.22 471.08 471.32 471.45 471.68 471.87 471.89 471.88 471.97 471.95 471.99 471.9 472.03 472.12 472 472 471.96 471.78 471.78 471.44 471.37 471.45 471.3 471.2 471.15 471.18 470.91
471.23 471.34 471.51 471.45 471.59 471.67 471.43 471.55 471.23 471.32 471.37 471.18 471.32 471.35 471.12 471.13 470.89 470.95 471 470.74 470.67 470.8 470.55 470.68 470.66 470.69 470.59 470.34 470.46 470.59 470.18 470.33 470.28 470.45 470.51 470.4 470.52 470.64 470.42 470.52 470.46 470.46 470.58 470.52 470.71 470.85 470.94 471.21 471.39 471.61 471.79 471.72 471.75 471.9 471.83 471.83 471.84 471.71 471.81 471.61 471.68 471.78 471.51 471.62 471.44 471.11 471.22 471.09 471.04 471.04 470.89 470.82
471.23 471.03 471.26 471.17 471.23 471.33 471.08 471.23 471.23 470.94 471 470.91 470.95 470.95 470.73 470.89 470.89 470.63 470.79 470.41 470.44 470.48 470.25 470.35 470.46 470.36 470.4 470.09 470.2 470.24 470 470.05 470.28 470.22 470.29 470.18 470.18 470.32 470.12 470.2 470.28 470.19 470.31 470.3 470.49 470.69 470.81 471.06 471.39 471.48 471.48 471.4 471.5 471.66 471.48 471.58 471.7 471.52 471.58 471.33 471.38 471.47 471.23 471.23 471.26 470.89 471.01 470.81 470.82 470.75 470.67 470.68
470.96 470.79 470.96 470.96 470.89 470.99 470.73 470.91 470.96 470.65 470.79 470.91 470.7 470.68 470.49 470.58 470.63 470.34 470.38 470.44 470.23 470.26 470 470.14 470.25 470.16 470.18 470.09 469.91 469.97 469.72 469.72 469.92 469.88 469.98 470.06 469.95 470.06 469.87 469.92 470.07 469.95 470.09 470.3 470.26 470.26 470.33 470.62 470.88 471.06 471.25 471.4 471.16 471.37 471.24 471.36 471.55 471.24 471.24 471.35 471.11 471.09 470.97 470.99 470.96 470.7 470.82 470.81 470.56 470.57 470.65 470.59
-9999 470.33 470.41 470.63 470.63 470.65 470.45 470.63 470.58 470.37 470.53 470.59 470.3 470.45 470.22 470.23 470.31 470.09 470.26 470.14 469.9 470.04 469.87 469.96 469.96 469.85 469.85 469.75 469.59 469.76 469.5 469.52 469.66 469.61 469.71 469.81 469.71 469.78 469.58 469.58 469.66 469.55 469.68 469.87 469.85 470.02 470.08 470.38 470.7 470.72 470.91 471.04 470.78 470.78 470.77 470.99 471.11 470.94 470.98 471.15 470.86 470.84 470.66 470.71 470.67 470.5 470.5 470.5 470.32 470.32 470.23 470.26
-9999 470.15 470.18 470.45 470.28 470.29 470.45 470.21 470.38 470.07 470.11 470.23 470.07 470.13 470.22 469.98 470.03 469.85 470 469.92 469.65 469.65 469.7 469.54 469.65 469.6 469.53 469.55 469.39 469.4 469.5 469.3 469.51 469.36 469.36 469.43 469.32 469.48 469.52 469.3 469.45 469.31 469.41 469.61 469.59 469.78 470.08 470.14 470.14 470.08 470.38 470.58 470.37 470.53 470.77 470.68 470.85 470.72 470.79 470.84 470.69 470.7 470.7 470.48 470.44 470.13 470.2 470.4 470.13 470.09 470.23 470.11
-9999 469.91 469.91 469.95 469.92 469.97 470.14 470.04 470.23 469.75 469.92 469.91 469.84 469.86 469.88 469.62 469.77 469.48 469.62 469.72 469.38 469.35 469.42 469.31 469.41 469.21 469.34 469.34 469.09 469.09 469.18 468.99 469.12 469.09 469.11 469.18 469.11 469.22 469.27 469.03 469.2 469.04 469.2 469.2 469.2 469.4 469.56 469.61 469.86 469.83 470.15 470.31 470.09 470.27 470.58 470.5 470.6 470.36 470.44 470.54 470.29 470.32 470.32 470.18 470.24 469.95 469.94 470.12 469.82 469.86 469.86 469.94
-9999 469.93 469.7 469.79 469.8 469.74 469.96 469.81 469.83 469.75 469.58 469.66 469.4 469.49 469.56 469.36 469.49 469.48 469.4 469.41 469.13 469.15 469.2 469.1 469.1 469.21 469.01 468.93 468.81 468.94 468.88 468.75 468.99 469.09 468.87 468.92 468.86 468.98 468.98 468.72 468.83 468.99 468.82 468.98 468.96 469.15 469.34 469.4 469.62 469.83 469.87 469.87 469.71 469.87 470.07 470.16 470.32 470.36 470.16 470.24 470 470.05 470.09 469.88 469.85 469.85 469.58 469.72 469.51 469.57 469.64 469.68
-9999 469.66 469.48 469.55 469.52 469.52 469.51 469.45 469.64 469.51 469.28 469.41 469.23 469.25 469.3 469.1 469.19 469.27 469.2 469.2 468.92 468.83 468.96 468.75 468.82 469.04 468.68 468.7 468.81 468.71 468.68 468.55 468.69 468.69 468.56 468.56 468.74 468.6 468.71 468.48 468.59 468.71 468.59 468.75 468.96 468.89 468.89 468.89 469.18 469.33 469.37 469.6 469.71 469.65 469.86 469.8 470.04 470.08 469.93 469.93 469.93 469.74 469.76 469.56 469.61 469.55 469.36 469.52 469.51 469.36 469.41 469.49
-9999 469.39 469.21 469.22 469.28 469.24 469.26 469.16 469.33 469.24 469.15 469.14 469.23 469.03 469.03 468.82 468.88 468.96 468.81 468.86 468.92 468.56 468.65 468.49 468.64 468.69 468.46 468.46 468.5 468.35 468.35 468.2 468.42 468.53 468.27 468.33 468.49 468.37 468.44 468.26 468.39 468.39 468.2 468.36 468.56 468.53 468.7 468.7 468.88 469.06 469.08 469.36 469.51 469.45 469.62 469.42 469.52 469.7 469.51 469.57 469.6 469.38 469.54 469.27 469.38 469.25 469.08 469.17 469.29 469.13 469.16 469.17
-9999 469.14 469 468.93 469.11 468.97 469.21 469.16 469.16 469.16 468.84 468.99 468.94 468.72 468.77 468.82 468.64 468.76 468.6 468.62 468.69 468.48 468.48 468.44 468.31 468.4 468.24 468.27 468.33 468.17 468.11 468.2 468.17 468.28 468.05 468.11 468.11 468.08 468.15 468.17 468.02 468.15 467.99 468.15 468.35 468.3 468.47 468.7 468.65 468.85 468.66 468.89 469.12 469.13 469.24 469.42 469.24 469.41 469.25 469.31 469.29 469.11 469.19 469.19 468.98 469.1 468.77 468.94 468.95 468.83 468.97 469.17
-9999 468.91 468.83 468.83 468.82 468.84 468.77 469.07 469 468.91 468.66 468.72 468.84 468.47 468.54 468.6 468.45 468.45 468.36 468.46 468.38 468.14 468.07 468.28 468.14 468.17 468.01 467.91 468.1 467.92 467.94 467.94 467.88 468.07 467.72 467.79 467.86 467.84 467.89 467.93 467.79 467.9 467.8 467.97 468.16 467.97 468.08 468.26 468.29 468.43 468.45 468.71 468.9 468.89 469 469.16 468.99 469.11 468.93 468.94 469.04 468.83 468.87 468.99 468.69 468.72 468.64 468.64 468.78 468.57 468.74 468.92
