data/virtual_blocks/concave_convergent.asc
NCOLS 72
NROWS 72
XLLCORNER 1506552
YLLCORNER 5533496
CELLSIZE 4
NODATA_VALUE -9999
[rows 32 to 63 of 72, columns 0 to 70 of 72]
480.67 480.65 480.62 480.59 480.54 480.49 480.44 480.38 480.31 480.24 480.17 480.10 480.02 479.93 479.85 479.76 479.66 479.57 479.47 479.37 479.27 479.16 479.05 478.94 478.82 478.71 478.59 478.47 478.35 478.22 478.09 477.96 477.83 477.70 477.56 477.42 477.28 477.42 477.56 477.70 477.83 477.96 478.09 478.22 478.35 478.47 478.59 478.71 478.82 478.94 479.05 479.16 479.27 479.37 479.47 479.57 479.66 479.76 479.85 479.93 480.02 480.10 480.17 480.24 480.31 480.38 480.44 480.49 480.54 480.59 480.62
480.26 480.25 480.22 480.18 480.13 480.08 480.03 479.97 479.90 479.83 479.76 479.68 479.60 479.52 479.43 479.34 479.24 479.15 479.05 478.94 478.84 478.73 478.62 478.51 478.39 478.27 478.15 478.03 477.90 477.78 477.65 477.52 477.38 477.25 477.11 476.97 476.83 476.97 477.11 477.25 477.38 477.52 477.65 477.78 477.90 478.03 478.15 478.27 478.39 478.51 478.62 478.73 478.84 478.94 479.05 479.15 479.24 479.34 479.43 479.52 479.60 479.68 479.76 479.83 479.90 479.97 480.03 480.08 480.13 480.18 480.22
479.87 479.85 479.82 479.78 479.74 479.68 479.63 479.57 479.50 479.43 479.35 479.28 479.19 479.11 479.02 478.93 478.83 478.73 478.63 478.53 478.42 478.31 478.20 478.09 477.97 477.85 477.73 477.60 477.47 477.34 477.21 477.08 476.94 476.81 476.67 476.52 476.38 476.52 476.67 476.81 476.94 477.08 477.21 477.34 477.47 477.60 477.73 477.85 477.97 478.09 478.20 478.31 478.42 478.53 478.63 478.73 478.83 478.93 479.02 479.11 479.19 479.28 479.35 479.43 479.50 479.57 479.63 479.68 479.74 479.78 479.82
479.48 479.46 479.43 479.39 479.35 479.30 479.24 479.18 479.11 479.04 478.96 478.88 478.80 478.71 478.62 478.53 478.43 478.33 478.23 478.12 478.02 477.90 477.79 477.67 477.56 477.43 477.31 477.18 477.05 476.92 476.79 476.65 476.52 476.38 476.23 476.09 475.94 476.09 476.23 476.38 476.52 476.65 476.79 476.92 477.05 477.18 477.31 477.43 477.56 477.67 477.79 477.90 478.02 478.12 478.23 478.33 478.43 478.53 478.62 478.71 478.80 478.88 478.96 479.04 479.11 479.18 479.24 479.30 479.35 479.39 479.43
479.11 479.09 479.06 479.02 478.97 478.92 478.86 478.80 478.73 478.66 478.58 478.50 478.42 478.33 478.24 478.14 478.04 477.94 477.84 477.73 477.62 477.51 477.39 477.27 477.15 477.03 476.91 476.78 476.65 476.51 476.38 476.24 476.10 475.96 475.82 475.67 475.52 475.67 475.82 475.96 476.10 476.24 476.38 476.51 476.65 476.78 476.91 477.03 477.15 477.27 477.39 477.51 477.62 477.73 477.84 477.94 478.04 478.14 478.24 478.33 478.42 478.50 478.58 478.66 478.73 478.80 478.86 478.92 478.97 479.02 479.06
478.74 478.72 478.69 478.65 478.61 478.55 478.49 478.43 478.36 478.29 478.21 478.13 478.04 477.95 477.86 477.76 477.66 477.56 477.46 477.35 477.24 477.12 477.01 476.89 476.76 476.64 476.51 476.38 476.25 476.11 475.98 475.84 475.70 475.55 475.41 475.26 475.11 475.26 475.41 475.55 475.70 475.84 475.98 476.11 476.25 476.38 476.51 476.64 476.76 476.89 477.01 477.12 477.24 477.35 477.46 477.56 477.66 477.76 477.86 477.95 478.04 478.13 478.21 478.29 478.36 478.43 478.49 478.55 478.61 478.65 478.69
478.39 478.37 478.34 478.30 478.25 478.20 478.14 478.07 478.00 477.93 477.85 477.77 477.68 477.59 477.50 477.40 477.30 477.19 477.09 476.98 476.86 476.75 476.63 476.51 476.38 476.26 476.13 476.00 475.86 475.73 475.59 475.45 475.30 475.16 475.01 474.86 474.71 474.86 475.01 475.16 475.30 475.45 475.59 475.73 475.86 476.00 476.13 476.26 476.38 476.51 476.63 476.75 476.86 476.98 477.09 477.19 477.30 477.40 477.50 477.59 477.68 477.77 477.85 477.93 478.00 478.07 478.14 478.20 478.25 478.30 478.34
478.04 478.03 478.00 477.95 477.91 477.85 477.79 477.72 477.65 477.58 477.50 477.41 477.33 477.24 477.14 477.04 476.94 476.84 476.73 476.62 476.50 476.38 476.26 476.14 476.02 475.89 475.76 475.62 475.49 475.35 475.21 475.07 474.92 474.77 474.62 474.47 474.32 474.47 474.62 474.77 474.92 475.07 475.21 475.35 475.49 475.62 475.76 475.89 476.02 476.14 476.26 476.38 476.50 476.62 476.73 476.84 476.94 477.04 477.14 477.24 477.33 477.41 477.50 477.58 477.65 477.72 477.79 477.85 477.91 477.95 478.00
477.71 477.69 477.66 477.62 477.57 477.52 477.46 477.39 477.32 477.24 477.16 477.07 476.99 476.89 476.80 476.70 476.59 476.49 476.38 476.27 476.15 476.03 475.91 475.79 475.66 475.53 475.40 475.26 475.12 474.98 474.84 474.70 474.55 474.40 474.25 474.09 473.94 474.09 474.25 474.40 474.55 474.70 474.84 474.98 475.12 475.26 475.40 475.53 475.66 475.79 475.91 476.03 476.15 476.27 476.38 476.49 476.59 476.70 476.80 476.89 476.99 477.07 477.16 477.24 477.32 477.39 477.46 477.52 477.57 477.62 477.66
477.39 477.37 477.34 477.30 477.25 477.19 477.13 477.06 476.99 476.91 476.83 476.74 476.66 476.56 476.46 476.36 476.26 476.15 476.04 475.93 475.81 475.69 475.57 475.44 475.31 475.18 475.05 474.91 474.77 474.63 474.48 474.34 474.19 474.04 473.88 473.73 473.57 473.73 473.88 474.04 474.19 474.34 474.48 474.63 474.77 474.91 475.05 475.18 475.31 475.44 475.57 475.69 475.81 475.93 476.04 476.15 476.26 476.36 476.46 476.56 476.66 476.74 476.83 476.91 476.99 477.06 477.13 477.19 477.25 477.30 477.34
477.08 477.06 477.03 476.99 476.94 476.88 476.82 476.75 476.67 476.60 476.51 476.43 476.33 476.24 476.14 476.04 475.93 475.82 475.71 475.60 475.48 475.36 475.23 475.11 474.98 474.84 474.71 474.57 474.43 474.28 474.14 473.99 473.84 473.69 473.53 473.37 473.21 473.37 473.53 473.69 473.84 473.99 474.14 474.28 474.43 474.57 474.71 474.84 474.98 475.11 475.23 475.36 475.48 475.60 475.71 475.82 475.93 476.04 476.14 476.24 476.33 476.43 476.51 476.60 476.67 476.75 476.82 476.88 476.94 476.99 477.03
476.78 476.76 476.73 476.68 476.63 476.58 476.51 476.44 476.37 476.29 476.21 476.12 476.03 475.93 475.83 475.73 475.62 475.51 475.40 475.28 475.16 475.04 474.91 474.78 474.65 474.52 474.38 474.24 474.10 473.95 473.80 473.65 473.50 473.35 473.19 473.03 472.87 473.03 473.19 473.35 473.50 473.65 473.80 473.95 474.10 474.24 474.38 474.52 474.65 474.78 474.91 475.04 475.16 475.28 475.40 475.51 475.62 475.73 475.83 475.93 476.03 476.12 476.21 476.29 476.37 476.44 476.51 476.58 476.63 476.68 476.73
476.49 476.47 476.44 476.39 476.34 476.28 476.22 476.15 476.07 475.99 475.91 475.82 475.73 475.63 475.53 475.42 475.32 475.20 475.09 474.97 474.85 474.73 474.60 474.47 474.34 474.20 474.06 473.92 473.78 473.63 473.48 473.33 473.17 473.02 472.86 472.70 472.53 472.70 472.86 473.02 473.17 473.33 473.48 473.63 473.78 473.92 474.06 474.20 474.34 474.47 474.60 474.73 474.85 474.97 475.09 475.20 475.32 475.42 475.53 475.63 475.73 475.82 475.91 475.99 476.07 476.15 476.22 476.28 476.34 476.39 476.44
476.21 476.19 476.16 476.11 476.06 476.00 475.94 475.87 475.79 475.71 475.62 475.53 475.44 475.34 475.24 475.13 475.02 474.91 474.79 474.68 474.55 474.43 474.30 474.17 474.03 473.89 473.75 473.61 473.47 473.32 473.17 473.01 472.86 472.70 472.54 472.38 472.21 472.38 472.54 472.70 472.86 473.01 473.17 473.32 473.47 473.61 473.75 473.89 474.03 474.17 474.30 474.43 474.55 474.68 474.79 474.91 475.02 475.13 475.24 475.34 475.44 475.53 475.62 475.71 475.79 475.87 475.94 476.00 476.06 476.11 476.16
475.94 475.92 475.89 475.84 475.79 475.73 475.66 475.59 475.52 475.43 475.35 475.26 475.16 475.06 474.96 474.85 474.74 474.63 474.51 474.39 474.27 474.14 474.01 473.88 473.74 473.60 473.46 473.31 473.17 473.02 472.87 472.71 472.55 472.39 472.23 472.07 471.90 472.07 472.23 472.39 472.55 472.71 472.87 473.02 473.17 473.31 473.46 473.60 473.74 473.88 474.01 474.14 474.27 474.39 474.51 474.63 474.74 474.85 474.96 475.06 475.16 475.26 475.35 475.43 475.52 475.59 475.66 475.73 475.79 475.84 475.89
475.68 475.66 475.63 475.58 475.53 475.47 475.40 475.33 475.25 475.17 475.08 474.99 474.89 474.79 474.69 474.58 474.47 474.36 474.24 474.11 473.99 473.86 473.73 473.60 473.46 473.32 473.17 473.03 472.88 472.73 472.57 472.42 472.26 472.10 471.93 471.77 471.60 471.77 471.93 472.10 472.26 472.42 472.57 472.73 472.88 473.03 473.17 473.32 473.46 473.60 473.73 473.86 473.99 474.11 474.24 474.36 474.47 474.58 474.69 474.79 474.89 474.99 475.08 475.17 475.25 475.33 475.40 475.47 475.53 475.58 475.63
475.43 475.41 475.38 475.33 475.28 475.22 475.15 475.08 475.00 474.92 474.83 474.74 474.64 474.54 474.43 474.32 474.21 474.09 473.97 473.85 473.72 473.59 473.46 473.33 473.19 473.04 472.90 472.75 472.60 472.45 472.29 472.14 471.98 471.81 471.65 471.48 471.31 471.48 471.65 471.81 471.98 472.14 472.29 472.45 472.60 472.75 472.90 473.04 473.19 473.33 473.46 473.59 473.72 473.85 473.97 474.09 474.21 474.32 474.43 474.54 474.64 474.74 474.83 474.92 475.00 475.08 475.15 475.22 475.28 475.33 475.38
475.19 475.18 475.14 475.09 475.04 474.98 474.91 474.84 474.76 474.67 474.58 474.49 474.39 474.29 474.18 474.07 473.96 473.84 473.72 473.60 473.47 473.34 473.20 473.07 472.93 472.78 472.64 472.49 472.34 472.18 472.02 471.86 471.70 471.54 471.37 471.20 471.03 471.20 471.37 471.54 471.70 471.86 472.02 472.18 472.34 472.49 472.64 472.78 472.93 473.07 473.20 473.34 473.47 473.60 473.72 473.84 473.96 474.07 474.18 474.29 474.39 474.49 474.58 474.67 474.76 474.84 474.91 474.98 475.04 475.09 475.14
474.97 474.95 474.91 474.87 474.81 474.75 474.68 474.61 474.53 474.44 474.35 474.26 474.16 474.05 473.95 473.84 473.72 473.60 473.48 473.35 473.22 473.09 472.96 472.82 472.68 472.53 472.38 472.23 472.08 471.92 471.77 471.60 471.44 471.27 471.11 470.93 470.76 470.93 471.11 471.27 471.44 471.60 471.77 471.92 472.08 472.23 472.38 472.53 472.68 472.82 472.96 473.09 473.22 473.35 473.48 473.60 473.72 473.84 473.95 474.05 474.16 474.26 474.35 474.44 474.53 474.61 474.68 474.75 474.81 474.87 474.91
474.75 474.73 474.70 474.65 474.59 474.53 474.46 474.39 474.31 474.22 474.13 474.03 473.93 473.83 473.72 473.61 473.49 473.37 473.25 473.12 472.99 472.86 472.72 472.58 472.44 472.29 472.14 471.99 471.84 471.68 471.52 471.36 471.19 471.02 470.85 470.68 470.50 470.68 470.85 471.02 471.19 471.36 471.52 471.68 471.84 471.99 472.14 472.29 472.44 472.58 472.72 472.86 472.99 473.12 473.25 473.37 473.49 473.61 473.72 473.83 473.93 474.03 474.13 474.22 474.31 474.39 474.46 474.53 474.59 474.65 474.70
474.55 474.53 474.49 474.44 474.39 474.32 474.25 474.18 474.10 474.01 473.92 473.82 473.72 473.61 473.50 473.39 473.27 473.15 473.03 472.90 472.77 472.63 472.50 472.35 472.21 472.06 471.91 471.76 471.60 471.44 471.28 471.12 470.95 470.78 470.61 470.43 470.26 470.43 470.61 470.78 470.95 471.12 471.28 471.44 471.60 471.76 471.91 472.06 472.21 472.35 472.50 472.63 472.77 472.90 473.03 473.15 473.27 473.39 473.50 473.61 473.72 473.82 473.92 474.01 474.10 474.18 474.25 474.32 474.39 474.44 474.49
474.35 474.33 474.29 474.25 474.19 474.13 474.06 473.98 473.90 473.81 473.72 473.62 473.52 473.41 473.30 473.19 473.07 472.94 472.82 472.69 472.56 472.42 472.28 472.14 471.99 471.84 471.69 471.54 471.38 471.22 471.06 470.89 470.72 470.55 470.38 470.20 470.02 470.20 470.38 470.55 470.72 470.89 471.06 471.22 471.38 471.54 471.69 471.84 471.99 472.14 472.28 472.42 472.56 472.69 472.82 472.94 473.07 473.19 473.30 473.41 473.52 473.62 473.72 473.81 473.90 473.98 474.06 474.13 474.19 474.25 474.29
474.17 474.15 474.11 474.06 474.00 473.94 473.87 473.79 473.71 473.62 473.53 473.43 473.32 473.22 473.11 472.99 472.87 472.75 472.62 472.49 472.36 472.22 472.08 471.93 471.79 471.64 471.48 471.33 471.17 471.01 470.84 470.67 470.50 470.33 470.15 469.98 469.80 469.98 470.15 470.33 470.50 470.67 470.84 471.01 471.17 471.33 471.48 471.64 471.79 471.93 472.08 472.22 472.36 472.49 472.62 472.75 472.87 472.99 473.11 473.22 473.32 473.43 473.53 473.62 473.71 473.79 473.87 473.94 474.00 474.06 474.11
473.99 473.97 473.93 473.89 473.83 473.76 473.69 473.61 473.53 473.44 473.35 473.25 473.14 473.03 472.92 472.81 472.68 472.56 472.43 472.30 472.17 472.03 471.88 471.74 471.59 471.44 471.28 471.13 470.97 470.80 470.64 470.47 470.30 470.12 469.94 469.76 469.58 469.76 469.94 470.12 470.30 470.47 470.64 470.80 470.97 471.13 471.28 471.44 471.59 471.74 471.88 472.03 472.17 472.30 472.43 472.56 472.68 472.81 472.92 473.03 473.14 473.25 473.35 473.44 473.53 473.61 473.69 473.76 473.83 473.89 473.93
473.83 473.81 473.77 473.72 473.66 473.60 473.52 473.45 473.36 473.27 473.18 473.08 472.97 472.86 472.75 472.63 472.51 472.38 472.25 472.12 471.99 471.85 471.70 471.56 471.41 471.25 471.10 470.94 470.78 470.61 470.44 470.27 470.10 469.92 469.74 469.56 469.38 469.56 469.74 469.92 470.10 470.27 470.44 470.61 470.78 470.94 471.10 471.25 471.41 471.56 471.70 471.85 471.99 472.12 472.25 472.38 472.51 472.63 472.75 472.86 472.97 473.08 473.18 473.27 473.36 473.45 473.52 473.60 473.66 473.72 473.77
473.67 473.65 473.62 473.57 473.51 473.44 473.37 473.29 473.20 473.11 473.02 472.92 472.81 472.70 472.59 472.47 472.34 472.22 472.09 471.95 471.82 471.68 471.53 471.38 471.23 471.08 470.92 470.76 470.60 470.43 470.26 470.09 469.91 469.74 469.56 469.37 469.19 469.37 469.56 469.74 469.91 470.09 470.26 470.43 470.60 470.76 470.92 471.08 471.23 471.38 471.53 471.68 471.82 471.95 472.09 472.22 472.34 472.47 472.59 472.70 472.81 472.92 473.02 473.11 473.20 473.29 473.37 473.44 473.51 473.57 473.62
473.53 473.51 473.47 473.42 473.36 473.30 473.22 473.14 473.06 472.97 472.87 472.77 472.66 472.55 472.43 472.31 472.19 472.06 471.93 471.80 471.66 471.52 471.37 471.22 471.07 470.91 470.75 470.59 470.43 470.26 470.09 469.92 469.74 469.56 469.38 469.19 469.01 469.19 469.38 469.56 469.74 469.92 470.09 470.26 470.43 470.59 470.75 470.91 471.07 471.22 471.37 471.52 471.66 471.80 471.93 472.06 472.19 472.31 472.43 472.55 472.66 472.77 472.87 472.97 473.06 473.14 473.22 473.30 473.36 473.42 473.47
473.40 473.38 473.34 473.29 473.23 473.16 473.09 473.01 472.92 472.83 472.73 472.63 472.52 472.41 472.29 472.17 472.05 471.92 471.79 471.65 471.51 471.37 471.22 471.07 470.92 470.76 470.60 470.44 470.27 470.10 469.93 469.75 469.57 469.39 469.21 469.02 468.84 469.02 469.21 469.39 469.57 469.75 469.93 470.10 470.27 470.44 470.60 470.76 470.92 471.07 471.22 471.37 471.51 471.65 471.79 471.92 472.05 472.17 472.29 472.41 472.52 472.63 472.73 472.83 472.92 473.01 473.09 473.16 473.23 473.29 473.34
473.28 473.26 473.22 473.17 473.11 473.04 472.97 472.88 472.80 472.70 472.60 472.50 472.39 472.28 472.16 472.04 471.91 471.79 471.65 471.51 471.37 471.23 471.08 470.93 470.77 470.62 470.45 470.29 470.12 469.95 469.78 469.60 469.42 469.24 469.05 468.87 468.68 468.87 469.05 469.24 469.42 469.60 469.78 469.95 470.12 470.29 470.45 470.62 470.77 470.93 471.08 471.23 471.37 471.51 471.65 471.79 471.91 472.04 472.16 472.28 472.39 472.50 472.60 472.70 472.80 472.88 472.97 473.04 473.11 473.17 473.22
473.17 473.15 473.11 473.06 473.00 472.93 472.85 472.77 472.68 472.59 472.49 472.38 472.27 472.16 472.04 471.92 471.79 471.66 471.53 471.39 471.25 471.10 470.95 470.80 470.64 470.48 470.32 470.15 469.99 469.81 469.64 469.46 469.28 469.10 468.91 468.72 468.53 468.72 468.91 469.10 469.28 469.46 469.64 469.81 469.99 470.15 470.32 470.48 470.64 470.80 470.95 471.10 471.25 471.39 471.53 471.66 471.79 471.92 472.04 472.16 472.27 472.38 472.49 472.59 472.68 472.77 472.85 472.93 473.00 473.06 473.11
473.07 473.05 473.01 472.95 472.89 472.83 472.75 472.67 472.58 472.48 472.38 472.28 472.17 472.05 471.93 471.81 471.68 471.55 471.41 471.27 471.13 470.98 470.83 470.68 470.52 470.36 470.20 470.03 469.86 469.69 469.51 469.33 469.15 468.96 468.77 468.58 468.39 468.58 468.77 468.96 469.15 469.33 469.51 469.69 469.86 470.03 470.20 470.36 470.52 470.68 470.83 470.98 471.13 471.27 471.41 471.55 471.68 471.81 471.93 472.05 472.17 472.28 472.38 472.48 472.58 472.67 472.75 472.83 472.89 472.95 473.01
472.98 472.96 472.92 472.86 472.80 472.73 472.66 472.57 472.48 472.39 472.29 472.18 472.07 471.95 471.83 471.71 471.58 471.45 471.31 471.17 471.03 470.88 470.73 470.57 470.41 470.25 470.08 469.92 469.74 469.57 469.39 469.21 469.03 468.84 468.65 468.46 468.26 468.46 468.65 468.84 469.03 469.21 469.39 469.57 469.74 469.92 470.08 470.25 470.41 470.57 470.73 470.88 471.03 471.17 471.31 471.45 471.58 471.71 471.83 471.95 472.07 472.18 472.29 472.39 472.48 472.57 472.66 472.73 472.80 472.86 472.92
