data/virtual_blocks/concave_parallel.asc
NCOLS 72
NROWS 72
XLLCORNER 1506552
YLLCORNER 5533496
CELLSIZE 4
NODATA_VALUE -9999
[rows 32 to 63 of 72, columns 0 to 70 of 72]
480.67 480.67 480.67 480.67 480.67 480.67 480.67 480.67 480.67 480.67 480.67 480.67 480.67 480.67 480.67 480.67 480.67 480.67 480.67 480.67 480.67 480.67 480.67 480.67 480.67 480.67 480.67 480.67 480.67 480.67 480.67 480.67 480.67 480.67 480.67 480.67 480.67 480.67 480.67 480.67 480.67 480.67 480.67 480.67 480.67 480.67 480.67 480.67 480.67 480.67 480.67 480.67 480.67 480.67 480.67 480.67 480.67 480.67 480.67 480.67 480.67 480.67 480.67 480.67 480.67 480.67 480.67 480.67 480.67 480.67 480.67
480.26 480.26 480.26 480.26 480.26 480.26 480.26 480.26 480.26 480.26 480.26 480.26 480.26 480.26 480.26 480.26 480.26 480.26 480.26 480.26 480.26 480.26 480.26 480.26 480.26 480.26 480.26 480.26 480.26 480.26 480.26 480.26 480.26 480.26 480.26 480.26 480.26 480.26 480.26 480.26 480.26 480.26 480.26 480.26 480.26 480.26 480.26 480.26 480.26 480.26 480.26 480.26 480.26 480.26 480.26 480.26 480.26 480.26 480.26 480.26 480.26 480.26 480.26 480.26 480.26 480.26 480.26 480.26 480.26 480.26 480.26
479.87 479.87 479.87 479.87 479.87 479.87 479.87 479.87 479.87 479.87 479.87 479.87 479.87 479.87 479.87 479.87 479.87 479.87 479.87 479.87 479.87 479.87 479.87 479.87 479.87 479.87 479.87 479.87 479.87 479.87 479.87 479.87 479.87 479.87 479.87 479.87 479.87 479.87 479.87 479.87 479.87 479.87 479.87 479.87 479.87 479.87 479.87 479.87 479.87 479.87 479.87 479.87 479.87 479.87 479.87 479.87 479.87 479.87 479.87 479.87 479.87 479.87 479.87 479.87 479.87 479.87 479.87 479.87 479.87 479.87 479.87
479.48 479.48 479.48 479.48 479.48 479.48 479.48 479.48 479.48 479.48 479.48 479.48 479.48 479.48 479.48 479.48 479.48 479.48 479.48 479.48 479.48 479.48 479.48 479.48 479.48 479.48 479.48 479.48 479.48 479.48 479.48 479.48 479.48 479.48 479.48 479.48 479.48 479.48 479.48 479.48 479.48 479.48 479.48 479.48 479.48 479.48 479.48 479.48 479.48 479.48 479.48 479.48 479.48 479.48 479.48 479.48 479.48 479.48 479.48 479.48 479.48 479.48 479.48 479.48 479.48 479.48 479.48 479.48 479.48 479.48 479.48
479.11 479.11 479.11 479.11 479.11 479.11 479.11 479.11 479.11 479.11 479.11 479.11 479.11 479.11 479.11 479.11 479.11 479.11 479.11 479.11 479.11 479.11 479.11 479.11 479.11 479.11 479.11 479.11 479.11 479.11 479.11 479.11 479.11 479.11 479.11 479.11 479.11 479.11 479.11 479.11 479.11 479.11 479.11 479.11 479.11 479.11 479.11 479.11 479.11 479.11 479.11 479.11 479.11 479.11 479.11 479.11 479.11 479.11 479.11 479.11 479.11 479.11 479.11 479.11 479.11 479.11 479.11 479.11 479.11 479.11 479.11
478.74 478.74 478.74 478.74 478.74 478.74 478.74 478.74 478.74 478.74 478.74 478.74 478.74 478.74 478.74 478.74 478.74 478.74 478.74 478.74 478.74 478.74 478.74 478.74 478.74 478.74 478.74 478.74 478.74 478.74 478.74 478.74 478.74 478.74 478.74 478.74 478.74 478.74 478.74 478.74 478.74 478.74 478.74 478.74 478.74 478.74 478.74 478.74 478.74 478.74 478.74 478.74 478.74 478.74 478.74 478.74 478.74 478.74 478.74 478.74 478.74 478.74 478.74 478.74 478.74 478.74 478.74 478.74 478.74 478.74 478.74
478.39 478.39 478.39 478.39 478.39 478.39 478.39 478.39 478.39 478.39 478.39 478.39 478.39 478.39 478.39 478.39 478.39 478.39 478.39 478.39 478.39 478.39 478.39 478.39 478.39 478.39 478.39 478.39 478.39 478.39 478.39 478.39 478.39 478.39 478.39 478.39 478.39 478.39 478.39 478.39 478.39 478.39 478.39 478.39 478.39 478.39 478.39 478.39 478.39 478.39 478.39 478.39 478.39 478.39 478.39 478.39 478.39 478.39 478.39 478.39 478.39 478.39 478.39 478.39 478.39 478.39 478.39 478.39 478.39 478.39 478.39
478.04 478.04 478.04 478.04 478.04 478.04 478.04 478.04 478.04 478.04 478.04 478.04 478.04 478.04 478.04 478.04 478.04 478.04 478.04 478.04 478.04 478.04 478.04 478.04 478.04 478.04 478.04 478.04 478.04 478.04 478.04 478.04 478.04 478.04 478.04 478.04 478.04 478.04 478.04 478.04 478.04 478.04 478.04 478.04 478.04 478.04 478.04 478.04 478.04 478.04 478.04 478.04 478.04 478.04 478.04 478.04 478.04 478.04 478.04 478.04 478.04 478.04 478.04 478.04 478.04 478.04 478.04 478.04 478.04 478.04 478.04
477.71 477.71 477.71 477.71 477.71 477.71 477.71 477.71 477.71 477.71 477.71 477.71 477.71 477.71 477.71 477.71 477.71 477.71 477.71 477.71 477.71 477.71 477.71 477.71 477.71 477.71 477.71 477.71 477.71 477.71 477.71 477.71 477.71 477.71 477.71 477.71 477.71 477.71 477.71 477.71 477.71 477.71 477.71 477.71 477.71 477.71 477.71 477.71 477.71 477.71 477.71 477.71 477.71 477.71 477.71 477.71 477.71 477.71 477.71 477.71 477.71 477.71 477.71 477.71 477.71 477.71 477.71 477.71 477.71 477.71 477.71
477.39 477.39 477.39 477.39 477.39 477.39 477.39 477.39 477.39 477.39 477.39 477.39 477.39 477.39 477.39 477.39 477.39 477.39 477.39 477.39 477.39 477.39 477.39 477.39 477.39 477.39 477.39 477.39 477.39 477.39 477.39 477.39 477.39 477.39 477.39 477.39 477.39 477.39 477.39 477.39 477.39 477.39 477.39 477.39 477.39 477.39 477.39 477.39 477.39 477.39 477.39 477.39 477.39 477.39 477.39 477.39 477.39 477.39 477.39 477.39 477.39 477.39 477.39 477.39 477.39 477.39 477.39 477.39 477.39 477.39 477.39
477.08 477.08 477.08 477.08 477.08 477.08 477.08 477.08 477.08 477.08 477.08 477.08 477.08 477.08 477.08 477.08 477.08 477.08 477.08 477.08 477.08 477.08 477.08 477.08 477.08 477.08 477.08 477.08 477.08 477.08 477.08 477.08 477.08 477.08 477.08 477.08 477.08 477.08 477.08 477.08 477.08 477.08 477.08 477.08 477.08 477.08 477.08 477.08 477.08 477.08 477.08 477.08 477.08 477.08 477.08 477.08 477.08 477.08 477.08 477.08 477.08 477.08 477.08 477.08 477.08 477.08 477.08 477.08 477.08 477.08 477.08
476.78 476.78 476.78 476.78 476.78 476.78 476.78 476.78 476.78 476.78 476.78 476.78 476.78 476.78 476.78 476.78 476.78 476.78 476.78 476.78 476.78 476.78 476.78 476.78 476.78 476.78 476.78 476.78 476.78 476.78 476.78 476.78 476.78 476.78 476.78 476.78 476.78 476.78 476.78 476.78 476.78 476.78 476.78 476.78 476.78 476.78 476.78 476.78 476.78 476.78 476.78 476.78 476.78 476.78 476.78 476.78 476.78 476.78 476.78 476.78 476.78 476.78 476.78 476.78 476.78 476.78 476.78 476.78 476.78 476.78 476.78
476.49 476.49 476.49 476.49 476.49 476.49 476.49 476.49 476.49 476.49 476.49 476.49 476.49 476.49 476.49 476.49 476.49 476.49 476.49 476.49 476.49 476.49 476.49 476.49 476.49 476.49 476.49 476.49 476.49 476.49 476.49 476.49 476.49 476.49 476.49 476.49 476.49 476.49 476.49 476.49 476.49 476.49 476.49 476.49 476.49 476.49 476.49 476.49 476.49 476.49 476.49 476.49 476.49 476.49 476.49 476.49 476.49 476.49 476.49 476.49 476.49 476.49 476.49 476.49 476.49 476.49 476.49 476.49 476.49 476.49 476.49
476.21 476.21 476.21 476.21 476.21 476.21 476.21 476.21 476.21 476.21 476.21 476.21 476.21 476.21 476.21 476.21 476.21 476.21 476.21 476.21 476.21 476.21 476.21 476.21 476.21 476.21 476.21 476.21 476.21 476.21 476.21 476.21 476.21 476.21 476.21 476.21 476.21 476.21 476.21 476.21 476.21 476.21 476.21 476.21 476.21 476.21 476.21 476.21 476.21 476.21 476.21 476.21 476.21 476.21 476.21 476.21 476.21 476.21 476.21 476.21 476.21 476.21 476.21 476.21 476.21 476.21 476.21 476.21 476.21 476.21 476.21
475.94 475.94 475.94 475.94 475.94 475.94 475.94 475.94 475.94 475.94 475.94 475.94 475.94 475.94 475.94 475.94 475.94 475.94 475.94 475.94 475.94 475.94 475.94 475.94 475.94 475.94 475.94 475.94 475.94 475.94 475.94 475.94 475.94 475.94 475.94 475.94 475.94 475.94 475.94 475.94 475.94 475.94 475.94 475.94 475.94 475.94 475.94 475.94 475.94 475.94 475.94 475.94 475.94 475.94 475.94 475.94 475.94 475.94 475.94 475.94 475.94 475.94 475.94 475.94 475.94 475.94 475.94 475.94 475.94 475.94 475.94
475.68 475.68 475.68 475.68 475.68 475.68 475.68 475.68 475.68 475.68 475.68 475.68 475.68 475.68 475.68 475.68 475.68 475.68 475.68 475.68 475.68 475.68 475.68 475.68 475.68 475.68 475.68 475.68 475.68 475.68 475.68 475.68 475.68 475.68 475.68 475.68 475.68 475.68 475.68 475.68 475.68 475.68 475.68 475.68 475.68 475.68 475.68 475.68 475.68 475.68 475.68 475.68 475.68 475.68 475.68 475.68 475.68 475.68 475.68 475.68 475.68 475.68 475.68 475.68 475.68 475.68 475.68 475.68 475.68 475.68 475.68
475.43 475.43 475.43 475.43 475.43 475.43 475.43 475.43 475.43 475.43 475.43 475.43 475.43 475.43 475.43 475.43 475.43 475.43 475.43 475.43 475.43 475.43 475.43 475.43 475.43 475.43 475.43 475.43 475.43 475.43 475.43 475.43 475.43 475.43 475.43 475.43 475.43 475.43 475.43 475.43 475.43 475.43 475.43 475.43 475.43 475.43 475.43 475.43 475.43 475.43 475.43 475.43 475.43 475.43 475.43 475.43 475.43 475.43 475.43 475.43 475.43 475.43 475.43 475.43 475.43 475.43 475.43 475.43 475.43 475.43 475.43
475.19 475.19 475.19 475.19 475.19 475.19 475.19 475.19 475.19 475.19 475.19 475.19 475.19 475.19 475.19 475.19 475.19 475.19 475.19 475.19 475.19 475.19 475.19 475.19 475.19 475.19 475.19 475.19 475.19 475.19 475.19 475.19 475.19 475.19 475.19 475.19 475.19 475.19 475.19 475.19 475.19 475.19 475.19 475.19 475.19 475.19 475.19 475.19 475.19 475.19 475.19 475.19 475.19 475.19 475.19 475.19 475.19 475.19 475.19 475.19 475.19 475.19 475.19 475.19 475.19 475.19 475.19 475.19 475.19 475.19 475.19
474.97 474.97 474.97 474.97 474.97 474.97 474.97 474.97 474.97 474.97 474.97 474.97 474.97 474.97 474.97 474.97 474.97 474.97 474.97 474.97 474.97 474.97 474.97 474.97 474.97 474.97 474.97 474.97 474.97 474.97 474.97 474.97 474.97 474.97 474.97 474.97 474.97 474.97 474.97 474.97 474.97 474.97 474.97 474.97 474.97 474.97 474.97 474.97 474.97 474.97 474.97 474.97 474.97 474.97 474.97 474.97 474.97 474.97 474.97 474.97 474.97 474.97 474.97 474.97 474.97 474.97 474.97 474.97 474.97 474.97 474.97
474.75 474.75 474.75 474.75 474.75 474.75 474.75 474.75 474.75 474.75 474.75 474.75 474.75 474.75 474.75 474.75 474.75 474.75 474.75 474.75 474.75 474.75 474.75 474.75 474.75 474.75 474.75 474.75 474.75 474.75 474.75 474.75 474.75 474.75 474.75 474.75 474.75 474.75 474.75 474.75 474.75 474.75 474.75 474.75 474.75 474.75 474.75 474.75 474.75 474.75 474.75 474.75 474.75 474.75 474.75 474.75 474.75 474.75 474.75 474.75 474.75 474.75 474.75 474.75 474.75 474.75 474.75 474.75 474.75 474.75 474.75
474.55 474.55 474.55 474.55 474.55 474.55 474.55 474.55 474.55 474.55 474.55 474.55 474.55 474.55 474.55 474.55 474.55 474.55 474.55 474.55 474.55 474.55 474.55 474.55 474.55 474.55 474.55 474.55 474.55 474.55 474.55 474.55 474.55 474.55 474.55 474.55 474.55 474.55 474.55 474.55 474.55 474.55 474.55 474.55 474.55 474.55 474.55 474.55 474.55 474.55 474.55 474.55 474.55 474.55 474.55 474.55 474.55 474.55 474.55 474.55 474.55 474.55 474.55 474.55 474.55 474.55 474.55 474.55 474.55 474.55 474.55
474.35 474.35 474.35 474.35 474.35 474.35 474.35 474.35 474.35 474.35 474.35 474.35 474.35 474.35 474.35 474.35 474.35 474.35 474.35 474.35 474.35 474.35 474.35 474.35 474.35 474.35 474.35 474.35 474.35 474.35 474.35 474.35 474.35 474.35 474.35 474.35 474.35 474.35 474.35 474.35 474.35 474.35 474.35 474.35 474.35 474.35 474.35 474.35 474.35 474.35 474.35 474.35 474.35 474.35 474.35 474.35 474.35 474.35 474.35 474.35 474.35 474.35 474.35 474.35 474.35 474.35 474.35 474.35 474.35 474.35 474.35
474.17 474.17 474.17 474.17 474.17 474.17 474.17 474.17 474.17 474.17 474.17 474.17 474.17 474.17 474.17 474.17 474.17 474.17 474.17 474.17 474.17 474.17 474.17 474.17 474.17 474.17 474.17 474.17 474.17 474.17 474.17 474.17 474.17 474.17 474.17 474.17 474.17 474.17 474.17 474.17 474.17 474.17 474.17 474.17 474.17 474.17 474.17 474.17 474.17 474.17 474.17 474.17 474.17 474.17 474.17 474.17 474.17 474.17 474.17 474.17 474.17 474.17 474.17 474.17 474.17 474.17 474.17 474.17 474.17 474.17 474.17
473.99 473.99 473.99 473.99 473.99 473.99 473.99 473.99 473.99 473.99 473.99 473.99 473.99 473.99 473.99 473.99 473.99 473.99 473.99 473.99 473.99 473.99 473.99 473.99 473.99 473.99 473.99 473.99 473.99 473.99 473.99 473.99 473.99 473.99 473.99 473.99 473.99 473.99 473.99 473.99 473.99 473.99 473.99 473.99 473.99 473.99 473.99 473.99 473.99 473.99 473.99 473.99 473.99 473.99 473.99 473.99 473.99 473.99 473.99 473.99 473.99 473.99 473.99 473.99 473.99 473.99 473.99 473.99 473.99 473.99 473.99
473.83 473.83 473.83 473.83 473.83 473.83 473.83 473.83 473.83 473.83 473.83 473.83 473.83 473.83 473.83 473.83 473.83 473.83 473.83 473.83 473.83 473.83 473.83 473.83 473.83 473.83 473.83 473.83 473.83 473.83 473.83 473.83 473.83 473.83 473.83 473.83 473.83 473.83 473.83 473.83 473.83 473.83 473.83 473.83 473.83 473.83 473.83 473.83 473.83 473.83 473.83 473.83 473.83 473.83 473.83 473.83 473.83 473.83 473.83 473.83 473.83 473.83 473.83 473.83 473.83 473.83 473.83 473.83 473.83 473.83 473.83
473.67 473.67 473.67 473.67 473.67 473.67 473.67 473.67 473.67 473.67 473.67 473.67 473.67 473.67 473.67 473.67 473.67 473.67 473.67 473.67 473.67 473.67 473.67 473.67 473.67 473.67 473.67 473.67 473.67 473.67 473.67 473.67 473.67 473.67 473.67 473.67 473.67 473.67 473.67 473.67 473.67 473.67 473.67 473.67 473.67 473.67 473.67 473.67 473.67 473.67 473.67 473.67 473.67 473.67 473.67 473.67 473.67 473.67 473.67 473.67 473.67 473.67 473.67 473.67 473.67 473.67 473.67 473.67 473.67 473.67 473.67
473.53 473.53 473.53 473.53 473.53 473.53 473.53 473.53 473.53 473.53 473.53 473.53 473.53 473.53 473.53 473.53 473.53 473.53 473.53 473.53 473.53 473.53 473.53 473.53 473.53 473.53 473.53 473.53 473.53 473.53 473.53 473.53 473.53 473.53 473.53 473.53 473.53 473.53 473.53 473.53 473.53 473.53 473.53 473.53 473.53 473.53 473.53 473.53 473.53 473.53 473.53 473.53 473.53 473.53 473.53 473.53 473.53 473.53 473.53 473.53 473.53 473.53 473.53 473.53 473.53 473.53 473.53 473.53 473.53 473.53 473.53
473.40 473.40 473.40 473.40 473.40 473.40 473.40 473.40 473.40 473.40 473.40 473.40 473.40 473.40 473.40 473.40 473.40 473.40 473.40 473.40 473.40 473.40 473.40 473.40 473.40 473.40 473.40 473.40 473.40 473.40 473.40 473.40 473.40 473.40 473.40 473.40 473.40 473.40 473.40 473.40 473.40 473.40 473.40 473.40 473.40 473.40 473.40 473.40 473.40 473.40 473.40 473.40 473.40 473.40 473.40 473.40 473.40 473.40 473.40 473.40 473.40 473.40 473.40 473.40 473.40 473.40 473.40 473.40 473.40 473.40 473.40
473.28 473.28 473.28 473.28 473.28 473.28 473.28 473.28 473.28 473.28 473.28 473.28 473.28 473.28 473.28 473.28 473.28 473.28 473.28 473.28 473.28 473.28 473.28 473.28 473.28 473.28 473.28 473.28 473.28 473.28 473.28 473.28 473.28 473.28 473.28 473.28 473.28 473.28 473.28 473.28 473.28 473.28 473.28 473.28 473.28 473.28 473.28 473.28 473.28 473.28 473.28 473.28 473.28 473.28 473.28 473.28 473.28 473.28 473.28 473.28 473.28 473.28 473.28 473.28 473.28 473.28 473.28 473.28 473.28 473.28 473.28
473.17 473.17 473.17 473.17 473.17 473.17 473.17 473.17 473.17 473.17 473.17 473.17 473.17 473.17 473.17 473.17 473.17 473.17 473.17 473.17 473.17 473.17 473.17 473.17 473.17 473.17 473.17 473.17 473.17 473.17 473.17 473.17 473.17 473.17 473.17 473.17 473.17 473.17 473.17 473.17 473.17 473.17 473.17 473.17 473.17 473.17 473.17 473.17 473.17 473.17 473.17 473.17 473.17 473.17 473.17 473.17 473.17 473.17 473.17 473.17 473.17 473.17 473.17 473.17 473.17 473.17 473.17 473.17 473.17 473.17 473.17
473.07 473.07 473.07 473.07 473.07 473.07 473.07 473.07 473.07 473.07 473.07 473.07 473.07 473.07 473.07 473.07 473.07 473.07 473.07 473.07 473.07 473.07 473.07 473.07 473.07 473.07 473.07 473.07 473.07 473.07 473.07 473.07 473.07 473.07 473.07 473.07 473.07 473.07 473.07 473.07 473.07 473.07 473.07 473.07 473.07 473.07 473.07 473.07 473.07 473.07 473.07 473.07 473.07 473.07 473.07 473.07 473.07 473.07 473.07 473.07 473.07 473.07 473.07 473.07 473.07 473.07 473.07 473.07 473.07 473.07 473.07
472.98 472.98 472.98 472.98 472.98 472.98 472.98 472.98 472.98 472.98 472.98 472.98 472.98 472.98 472.98 472.98 472.98 472.98 472.98 472.98 472.98 472.98 472.98 472.98 472.98 472.98 472.98 472.98 472.98 472.98 472.98 472.98 472.98 472.98 472.98 472.98 472.98 472.98 472.98 472.98 472.98 472.98 472.98 472.98 472.98 472.98 472.98 472.98 472.98 472.98 472.98 472.98 472.98 472.98 472.98 472.98 472.98 472.98 472.98 472.98 472.98 472.98 472.98 472.98 472.98 472.98 472.98 472.98 472.98 472.98 472.98
