data/virtual_blocks/concave_parallel.asc
NCOLS 72
NROWS 72
XLLCORNER 1506552
YLLCORNER 5533496
CELLSIZE 4
NODATA_VALUE -9999
[rows 0 to 31 of 72, columns 0 to 70 of 72]
499.25 499.25 499.25 499.25 499.25 499.25 499.25 499.25 499.25 499.25 499.25 499.25 499.25 499.25 499.25 499.25 499.25 499.25 499.25 499.25 499.25 499.25 499.25 499.25 499.25 499.25 499.25 499.25 499.25 499.25 499.25 499.25 499.25 499.25 499.25 499.25 499.25 499.25 499.25 499.25 499.25 499.25 499.25 499.25 499.25 499.25 499.25 499.25 499.25 499.25 499.25 499.25 499.25 499.25 499.25 499.25 499.25 499.25 499.25 499.25 499.25 499.25 499.25 499.25 499.25 499.25 499.25 499.25 499.25 499.25 499.25
498.50 498.50 498.50 498.50 498.50 498.50 498.50 498.50 498.50 498.50 498.50 498.50 498.50 498.50 498.50 498.50 498.50 498.50 498.50 498.50 498.50 498.50 498.50 498.50 498.50 498.50 498.50 498.50 498.50 498.50 498.50 498.50 498.50 498.50 498.50 498.50 498.50 498.50 498.50 498.50 498.50 498.50 498.50 498.50 498.50 498.50 498.50 498.50 498.50 498.50 498.50 498.50 498.50 498.50 498.50 498.50 498.50 498.50 498.50 498.50 498.50 498.50 498.50 498.50 498.50 498.50 498.50 498.50 498.50 498.50 498.50
497.77 497.77 497.77 497.77 497.77 497.77 497.77 497.77 497.77 497.77 497.77 497.77 497.77 497.77 497.77 497.77 497.77 497.77 497.77 497.77 497.77 497.77 497.77 497.77 497.77 497.77 497.77 497.77 497.77 497.77 497.77 497.77 497.77 497.77 497.77 497.77 497.77 497.77 497.77 497.77 497.77 497.77 497.77 497.77 497.77 497.77 497.77 497.77 497.77 497.77 497.77 497.77 497.77 497.77 497.77 497.77 497.77 497.77 497.77 497.77 497.77 497.77 497.77 497.77 497.77 497.77 497.77 497.77 497.77 497.77 497.77
497.04 497.04 497.04 497.04 497.04 497.04 497.04 497.04 497.04 497.04 497.04 497.04 497.04 497.04 497.04 497.04 497.04 497.04 497.04 497.04 497.04 497.04 497.04 497.04 497.04 497.04 497.04 497.04 497.04 497.04 497.04 497.04 497.04 497.04 497.04 497.04 497.04 497.04 497.04 497.04 497.04 497.04 497.04 497.04 497.04 497.04 497.04 497.04 497.04 497.04 497.04 497.04 497.04 497.04 497.04 497.04 497.04 497.04 497.04 497.04 497.04 497.04 497.04 497.04 497.04 497.04 497.04 497.04 497.04 497.04 497.04
496.33 496.33 496.33 496.33 496.33 496.33 496.33 496.33 496.33 496.33 496.33 496.33 496.33 496.33 496.33 496.33 496.33 496.33 496.33 496.33 496.33 496.33 496.33 496.33 496.33 496.33 496.33 496.33 496.33 496.33 496.33 496.33 496.33 496.33 496.33 496.33 496.33 496.33 496.33 496.33 496.33 496.33 496.33 496.33 496.33 496.33 496.33 496.33 496.33 496.33 496.33 496.33 496.33 496.33 496.33 496.33 496.33 496.33 496.33 496.33 496.33 496.33 496.33 496.33 496.33 496.33 496.33 496.33 496.33 496.33 496.33
495.63 495.63 495.63 495.63 495.63 495.63 495.63 495.63 495.63 495.63 495.63 495.63 495.63 495.63 495.63 495.63 495.63 495.63 495.63 495.63 495.63 495.63 495.63 495.63 495.63 495.63 495.63 495.63 495.63 495.63 495.63 495.63 495.63 495.63 495.63 495.63 495.63 495.63 495.63 495.63 495.63 495.63 495.63 495.63 495.63 495.63 495.63 495.63 495.63 495.63 495.63 495.63 495.63 495.63 495.63 495.63 495.63 495.63 495.63 495.63 495.63 495.63 495.63 495.63 495.63 495.63 495.63 495.63 495.63 495.63 495.63
494.94 494.94 494.94 494.94 494.94 494.94 494.94 494.94 494.94 494.94 494.94 494.94 494.94 494.94 494.94 494.94 494.94 494.94 494.94 494.94 494.94 494.94 494.94 494.94 494.94 494.94 494.94 494.94 494.94 494.94 494.94 494.94 494.94 494.94 494.94 494.94 494.94 494.94 494.94 494.94 494.94 494.94 494.94 494.94 494.94 494.94 494.94 494.94 494.94 494.94 494.94 494.94 494.94 494.94 494.94 494.94 494.94 494.94 494.94 494.94 494.94 494.94 494.94 494.94 494.94 494.94 494.94 494.94 494.94 494.94 494.94
494.26 494.26 494.26 494.26 494.26 494.26 494.26 494.26 494.26 494.26 494.26 494.26 494.26 494.26 494.26 494.26 494.26 494.26 494.26 494.26 494.26 494.26 494.26 494.26 494.26 494.26 494.26 494.26 494.26 494.26 494.26 494.26 494.26 494.26 494.26 494.26 494.26 494.26 494.26 494.26 494.26 494.26 494.26 494.26 494.26 494.26 494.26 494.26 494.26 494.26 494.26 494.26 494.26 494.26 494.26 494.26 494.26 494.26 494.26 494.26 494.26 494.26 494.26 494.26 494.26 494.26 494.26 494.26 494.26 494.26 494.26
493.59 493.59 493.59 493.59 493.59 493.59 493.59 493.59 493.59 493.59 493.59 493.59 493.59 493.59 493.59 493.59 493.59 493.59 493.59 493.59 493.59 493.59 493.59 493.59 493.59 493.59 493.59 493.59 493.59 493.59 493.59 493.59 493.59 493.59 493.59 493.59 493.59 493.59 493.59 493.59 493.59 493.59 493.59 493.59 493.59 493.59 493.59 493.59 493.59 493.59 493.59 493.59 493.59 493.59 493.59 493.59 493.59 493.59 493.59 493.59 493.59 493.59 493.59 493.59 493.59 493.59 493.59 493.59 493.59 493.59 493.59
492.93 492.93 492.93 492.93 492.93 492.93 492.93 492.93 492.93 492.93 492.93 492.93 492.93 492.93 492.93 492.93 492.93 492.93 492.93 492.93 492.93 492.93 492.93 492.93 492.93 492.93 492.93 492.93 492.93 492.93 492.93 492.93 492.93 492.93 492.93 492.93 492.93 492.93 492.93 492.93 492.93 492.93 492.93 492.93 492.93 492.93 492.93 492.93 492.93 492.93 492.93 492.93 492.93 492.93 492.93 492.93 492.93 492.93 492.93 492.93 492.93 492.93 492.93 492.93 492.93 492.93 492.93 492.93 492.93 492.93 492.93
492.28 492.28 492.28 492.28 492.28 492.28 492.28 492.28 492.28 492.28 492.28 492.28 492.28 492.28 492.28 492.28 492.28 492.28 492.28 492.28 492.28 492.28 492.28 492.28 492.28 492.28 492.28 492.28 492.28 492.28 492.28 492.28 492.28 492.28 492.28 492.28 492.28 492.28 492.28 492.28 492.28 492.28 492.28 492.28 492.28 492.28 492.28 492.28 492.28 492.28 492.28 492.28 492.28 492.28 492.28 492.28 492.28 492.28 492.28 492.28 492.28 492.28 492.28 492.28 492.28 492.28 492.28 492.28 492.28 492.28 492.28
491.64 491.64 491.64 491.64 491.64 491.64 491.64 491.64 491.64 491.64 491.64 491.64 491.64 491.64 491.64 491.64 491.64 491.64 491.64 491.64 491.64 491.64 491.64 491.64 491.64 491.64 491.64 491.64 491.64 491.64 491.64 491.64 491.64 491.64 491.64 491.64 491.64 491.64 491.64 491.64 491.64 491.64 491.64 491.64 491.64 491.64 491.64 491.64 491.64 491.64 491.64 491.64 491.64 491.64 491.64 491.64 491.64 491.64 491.64 491.64 491.64 491.64 491.64 491.64 491.64 491.64 491.64 491.64 491.64 491.64 491.64
491.01 491.01 491.01 491.01 491.01 491.01 491.01 491.01 491.01 491.01 491.01 491.01 491.01 491.01 491.01 491.01 491.01 491.01 491.01 491.01 491.01 491.01 491.01 491.01 491.01 491.01 491.01 491.01 491.01 491.01 491.01 491.01 491.01 491.01 491.01 491.01 491.01 491.01 491.01 491.01 491.01 491.01 491.01 491.01 491.01 491.01 491.01 491.01 491.01 491.01 491.01 491.01 491.01 491.01 491.01 491.01 491.01 491.01 491.01 491.01 491.01 491.01 491.01 491.01 491.01 491.01 491.01 491.01 491.01 491.01 491.01
490.39 490.39 490.39 490.39 490.39 490.39 490.39 490.39 490.39 490.39 490.39 490.39 490.39 490.39 490.39 490.39 490.39 490.39 490.39 490.39 490.39 490.39 490.39 490.39 490.39 490.39 490.39 490.39 490.39 490.39 490.39 490.39 490.39 490.39 490.39 490.39 490.39 490.39 490.39 490.39 490.39 490.39 490.39 490.39 490.39 490.39 490.39 490.39 490.39 490.39 490.39 490.39 490.39 490.39 490.39 490.39 490.39 490.39 490.39 490.39 490.39 490.39 490.39 490.39 490.39 490.39 490.39 490.39 490.39 490.39 490.39
489.79 489.79 489.79 489.79 489.79 489.79 489.79 489.79 489.79 489.79 489.79 489.79 489.79 489.79 489.79 489.79 489.79 489.79 489.79 489.79 489.79 489.79 489.79 489.79 489.79 489.79 489.79 489.79 489.79 489.79 489.79 489.79 489.79 489.79 489.79 489.79 489.79 489.79 489.79 489.79 489.79 489.79 489.79 489.79 489.79 489.79 489.79 489.79 489.79 489.79 489.79 489.79 489.79 489.79 489.79 489.79 489.79 489.79 489.79 489.79 489.79 489.79 489.79 489.79 489.79 489.79 489.79 489.79 489.79 489.79 489.79
489.19 489.19 489.19 489.19 489.19 489.19 489.19 489.19 489.19 489.19 489.19 489.19 489.19 489.19 489.19 489.19 489.19 489.19 489.19 489.19 489.19 489.19 489.19 489.19 489.19 489.19 489.19 489.19 489.19 489.19 489.19 489.19 489.19 489.19 489.19 489.19 489.19 489.19 489.19 489.19 489.19 489.19 489.19 489.19 489.19 489.19 489.19 489.19 489.19 489.19 489.19 489.19 489.19 489.19 489.19 489.19 489.19 489.19 489.19 489.19 489.19 489.19 489.19 489.19 489.19 489.19 489.19 489.19 489.19 489.19 489.19
488.61 488.61 488.61 488.61 488.61 488.61 488.61 488.61 488.61 488.61 488.61 488.61 488.61 488.61 488.61 488.61 488.61 488.61 488.61 488.61 488.61 488.61 488.61 488.61 488.61 488.61 488.61 488.61 488.61 488.61 488.61 488.61 488.61 488.61 488.61 488.61 488.61 488.61 488.61 488.61 488.61 488.61 488.61 488.61 488.61 488.61 488.61 488.61 488.61 488.61 488.61 488.61 488.61 488.61 488.61 488.61 488.61 488.61 488.61 488.61 488.61 488.61 488.61 488.61 488.61 488.61 488.61 488.61 488.61 488.61 488.61
488.03 488.03 488.03 488.03 488.03 488.03 488.03 488.03 488.03 488.03 488.03 488.03 488.03 488.03 488.03 488.03 488.03 488.03 488.03 488.03 488.03 488.03 488.03 488.03 488.03 488.03 488.03 488.03 488.03 488.03 488.03 488.03 488.03 488.03 488.03 488.03 488.03 488.03 488.03 488.03 488.03 488.03 488.03 488.03 488.03 488.03 488.03 488.03 488.03 488.03 488.03 488.03 488.03 488.03 488.03 488.03 488.03 488.03 488.03 488.03 488.03 488.03 488.03 488.03 488.03 488.03 488.03 488.03 488.03 488.03 488.03
487.47 487.47 487.47 487.47 487.47 487.47 487.47 487.47 487.47 487.47 487.47 487.47 487.47 487.47 487.47 487.47 487.47 487.47 487.47 487.47 487.47 487.47 487.47 487.47 487.47 487.47 487.47 487.47 487.47 487.47 487.47 487.47 487.47 487.47 487.47 487.47 487.47 487.47 487.47 487.47 487.47 487.47 487.47 487.47 487.47 487.47 487.47 487.47 487.47 487.47 487.47 487.47 487.47 487.47 487.47 487.47 487.47 487.47 487.47 487.47 487.47 487.47 487.47 487.47 487.47 487.47 487.47 487.47 487.47 487.47 487.47
486.91 486.91 486.91 486.91 486.91 486.91 486.91 486.91 486.91 486.91 486.91 486.91 486.91 486.91 486.91 486.91 486.91 486.91 486.91 486.91 486.91 486.91 486.91 486.91 486.91 486.91 486.91 486.91 486.91 486.91 486.91 486.91 486.91 486.91 486.91 486.91 486.91 486.91 486.91 486.91 486.91 486.91 486.91 486.91 486.91 486.91 486.91 486.91 486.91 486.91 486.91 486.91 486.91 486.91 486.91 486.91 486.91 486.91 486.91 486.91 486.91 486.91 486.91 486.91 486.91 486.91 486.91 486.91 486.91 486.91 486.91
486.37 486.37 486.37 486.37 486.37 486.37 486.37 486.37 486.37 486.37 486.37 486.37 486.37 486.37 486.37 486.37 486.37 486.37 486.37 486.37 486.37 486.37 486.37 486.37 486.37 486.37 486.37 486.37 486.37 486.37 486.37 486.37 486.37 486.37 486.37 486.37 486.37 486.37 486.37 486.37 486.37 486.37 486.37 486.37 486.37 486.37 486.37 486.37 486.37 486.37 486.37 486.37 486.37 486.37 486.37 486.37 486.37 486.37 486.37 486.37 486.37 486.37 486.37 486.37 486.37 486.37 486.37 486.37 486.37 486.37 486.37
485.83 485.83 485.83 485.83 485.83 485.83 485.83 485.83 485.83 485.83 485.83 485.83 485.83 485.83 485.83 485.83 485.83 485.83 485.83 485.83 485.83 485.83 485.83 485.83 485.83 485.83 485.83 485.83 485.83 485.83 485.83 485.83 485.83 485.83 485.83 485.83 485.83 485.83 485.83 485.83 485.83 485.83 485.83 485.83 485.83 485.83 485.83 485.83 485.83 485.83 485.83 485.83 485.83 485.83 485.83 485.83 485.83 485.83 485.83 485.83 485.83 485.83 485.83 485.83 485.83 485.83 485.83 485.83 485.83 485.83 485.83
485.31 485.31 485.31 485.31 485.31 485.31 485.31 485.31 485.31 485.31 485.31 485.31 485.31 485.31 485.31 485.31 485.31 485.31 485.31 485.31 485.31 485.31 485.31 485.31 485.31 485.31 485.31 485.31 485.31 485.31 485.31 485.31 485.31 485.31 485.31 485.31 485.31 485.31 485.31 485.31 485.31 485.31 485.31 485.31 485.31 485.31 485.31 485.31 485.31 485.31 485.31 485.31 485.31 485.31 485.31 485.31 485.31 485.31 485.31 485.31 485.31 485.31 485.31 485.31 485.31 485.31 485.31 485.31 485.31 485.31 485.31
484.80 484.80 484.80 484.80 484.80 484.80 484.80 484.80 484.80 484.80 484.80 484.80 484.80 484.80 484.80 484.80 484.80 484.80 484.80 484.80 484.80 484.80 484.80 484.80 484.80 484.80 484.80 484.80 484.80 484.80 484.80 484.80 484.80 484.80 484.80 484.80 484.80 484.80 484.80 484.80 484.80 484.80 484.80 484.80 484.80 484.80 484.80 484.80 484.80 484.80 484.80 484.80 484.80 484.80 484.80 484.80 484.80 484.80 484.80 484.80 484.80 484.80 484.80 484.80 484.80 484.80 484.80 484.80 484.80 484.80 484.80
484.30 484.30 484.30 484.30 484.30 484.30 484.30 484.30 484.30 484.30 484.30 484.30 484.30 484.30 484.30 484.30 484.30 484.30 484.30 484.30 484.30 484.30 484.30 484.30 484.30 484.30 484.30 484.30 484.30 484.30 484.30 484.30 484.30 484.30 484.30 484.30 484.30 484.30 484.30 484.30 484.30 484.30 484.30 484.30 484.30 484.30 484.30 484.30 484.30 484.30 484.30 484.30 484.30 484.30 484.30 484.30 484.30 484.30 484.30 484.30 484.30 484.30 484.30 484.30 484.30 484.30 484.30 484.30 484.30 484.30 484.30
483.81 483.81 483.81 483.81 483.81 483.81 483.81 483.81 483.81 483.81 483.81 483.81 483.81 483.81 483.81 483.81 483.81 483.81 483.81 483.81 483.81 483.81 483.81 483.81 483.81 483.81 483.81 483.81 483.81 483.81 483.81 483.81 483.81 483.81 483.81 483.81 483.81 483.81 483.81 483.81 483.81 483.81 483.81 483.81 483.81 483.81 483.81 483.81 483.81 483.81 483.81 483.81 483.81 483.81 483.81 483.81 483.81 483.81 483.81 483.81 483.81 483.81 483.81 483.81 483.81 483.81 483.81 483.81 483.81 483.81 483.81
483.33 483.33 483.33 483.33 483.33 483.33 483.33 483.33 483.33 483.33 483.33 483.33 483.33 483.33 483.33 483.33 483.33 483.33 483.33 483.33 483.33 483.33 483.33 483.33 483.33 483.33 483.33 483.33 483.33 483.33 483.33 483.33 483.33 483.33 483.33 483.33 483.33 483.33 483.33 483.33 483.33 483.33 483.33 483.33 483.33 483.33 483.33 483.33 483.33 483.33 483.33 483.33 483.33 483.33 483.33 483.33 483.33 483.33 483.33 483.33 483.33 483.33 483.33 483.33 483.33 483.33 483.33 483.33 483.33 483.33 483.33
482.86 482.86 482.86 482.86 482.86 482.86 482.86 482.86 482.86 482.86 482.86 482.86 482.86 482.86 482.86 482.86 482.86 482.86 482.86 482.86 482.86 482.86 482.86 482.86 482.86 482.86 482.86 482.86 482.86 482.86 482.86 482.86 482.86 482.86 482.86 482.86 482.86 482.86 482.86 482.86 482.86 482.86 482.86 482.86 482.86 482.86 482.86 482.86 482.86 482.86 482.86 482.86 482.86 482.86 482.86 482.86 482.86 482.86 482.86 482.86 482.86 482.86 482.86 482.86 482.86 482.86 482.86 482.86 482.86 482.86 482.86
482.40 482.40 482.40 482.40 482.40 482.40 482.40 482.40 482.40 482.40 482.40 482.40 482.40 482.40 482.40 482.40 482.40 482.40 482.40 482.40 482.40 482.40 482.40 482.40 482.40 482.40 482.40 482.40 482.40 482.40 482.40 482.40 482.40 482.40 482.40 482.40 482.40 482.40 482.40 482.40 482.40 482.40 482.40 482.40 482.40 482.40 482.40 482.40 482.40 482.40 482.40 482.40 482.40 482.40 482.40 482.40 482.40 482.40 482.40 482.40 482.40 482.40 482.40 482.40 482.40 482.40 482.40 482.40 482.40 482.40 482.40
481.95 481.95 481.95 481.95 481.95 481.95 481.95 481.95 481.95 481.95 481.95 481.95 481.95 481.95 481.95 481.95 481.95 481.95 481.95 481.95 481.95 481.95 481.95 481.95 481.95 481.95 481.95 481.95 481.95 481.95 481.95 481.95 481.95 481.95 481.95 481.95 481.95 481.95 481.95 481.95 481.95 481.95 481.95 481.95 481.95 481.95 481.95 481.95 481.95 481.95 481.95 481.95 481.95 481.95 481.95 481.95 481.95 481.95 481.95 481.95 481.95 481.95 481.95 481.95 481.95 481.95 481.95 481.95 481.95 481.95 481.95
481.51 481.51 481.51 481.51 481.51 481.51 481.51 481.51 481.51 481.51 481.51 481.51 481.51 481.51 481.51 481.51 481.51 481.51 481.51 481.51 481.51 481.51 481.51 481.51 481.51 481.51 481.51 481.51 481.51 481.51 481.51 481.51 481.51 481.51 481.51 481.51 481.51 481.51 481.51 481.51 481.51 481.51 481.51 481.51 481.51 481.51 481.51 481.51 481.51 481.51 481.51 481.51 481.51 481.51 481.51 481.51 481.51 481.51 481.51 481.51 481.51 481.51 481.51 481.51 481.51 481.51 481.51 481.51 481.51 481.51 481.51
481.08 481.08 481.08 481.08 481.08 481.08 481.08 481.08 481.08 481.08 481.08 481.08 481.08 481.08 481.08 481.08 481.08 481.08 481.08 481.08 481.08 481.08 481.08 481.08 481.08 481.08 481.08 481.08 481.08 481.08 481.08 481.08 481.08 481.08 481.08 481.08 481.08 481.08 481.08 481.08 481.08 481.08 481.08 481.08 481.08 481.08 481.08 481.08 481.08 481.08 481.08 481.08 481.08 481.08 481.08 481.08 481.08 481.08 481.08 481.08 481.08 481.08 481.08 481.08 481.08 481.08 481.08 481.08 481.08 481.08 481.08
