data/virtual_blocks/concave_divergent.asc
NCOLS 72
NROWS 72
XLLCORNER 1506552
YLLCORNER 5533496
CELLSIZE 4
NODATA_VALUE -9999
[rows 32 to 63 of 72, columns 0 to 70 of 72]
480.67 480.68 480.71 480.75 480.79 480.84 480.90 480.96 481.02 481.09 481.16 481.24 481.32 481.40 481.49 481.58 481.67 481.77 481.86 481.97 482.07 482.18 482.28 482.40 482.51 482.63 482.75 482.87 482.99 483.11 483.24 483.37 483.50 483.64 483.77 483.91 484.05 483.91 483.77 483.64 483.50 483.37 483.24 483.11 482.99 482.87 482.75 482.63 482.51 482.40 482.28 482.18 482.07 481.97 481.86 481.77 481.67 481.58 481.49 481.40 481.32 481.24 481.16 481.09 481.02 480.96 480.90 480.84 480.79 480.75 480.71
480.26 480.28 480.31 480.34 480.39 480.44 480.49 480.56 480.62 480.69 480.76 480.84 480.92 481.01 481.09 481.19 481.28 481.38 481.48 481.58 481.68 481.79 481.90 482.02 482.13 482.25 482.37 482.49 482.62 482.75 482.87 483.01 483.14 483.28 483.41 483.55 483.70 483.55 483.41 483.28 483.14 483.01 482.87 482.75 482.62 482.49 482.37 482.25 482.13 482.02 481.90 481.79 481.68 481.58 481.48 481.38 481.28 481.19 481.09 481.01 480.92 480.84 480.76 480.69 480.62 480.56 480.49 480.44 480.39 480.34 480.31
479.87 479.88 479.91 479.95 479.99 480.05 480.10 480.16 480.23 480.30 480.38 480.45 480.54 480.62 480.71 480.80 480.90 481.00 481.10 481.20 481.31 481.42 481.53 481.65 481.76 481.88 482.00 482.13 482.26 482.39 482.52 482.65 482.79 482.92 483.06 483.21 483.35 483.21 483.06 482.92 482.79 482.65 482.52 482.39 482.26 482.13 482.00 481.88 481.76 481.65 481.53 481.42 481.31 481.20 481.10 481.00 480.90 480.80 480.71 480.62 480.54 480.45 480.38 480.30 480.23 480.16 480.10 480.05 479.99 479.95 479.91
479.48 479.50 479.53 479.57 479.61 479.66 479.72 479.78 479.85 479.92 480.00 480.08 480.16 480.25 480.34 480.43 480.53 480.63 480.73 480.84 480.94 481.06 481.17 481.29 481.40 481.53 481.65 481.78 481.91 482.04 482.17 482.31 482.44 482.58 482.73 482.87 483.02 482.87 482.73 482.58 482.44 482.31 482.17 482.04 481.91 481.78 481.65 481.53 481.40 481.29 481.17 481.06 480.94 480.84 480.73 480.63 480.53 480.43 480.34 480.25 480.16 480.08 480.00 479.92 479.85 479.78 479.72 479.66 479.61 479.57 479.53
479.11 479.12 479.15 479.19 479.24 479.29 479.35 479.41 479.48 479.55 479.63 479.71 479.80 479.88 479.97 480.07 480.17 480.27 480.37 480.48 480.59 480.70 480.82 480.94 481.06 481.18 481.31 481.43 481.56 481.70 481.83 481.97 482.11 482.25 482.40 482.54 482.69 482.54 482.40 482.25 482.11 481.97 481.83 481.70 481.56 481.43 481.31 481.18 481.06 480.94 480.82 480.70 480.59 480.48 480.37 480.27 480.17 480.07 479.97 479.88 479.80 479.71 479.63 479.55 479.48 479.41 479.35 479.29 479.24 479.19 479.15
478.74 478.76 478.79 478.83 478.88 478.93 478.99 479.05 479.12 479.20 479.27 479.35 479.44 479.53 479.62 479.72 479.82 479.92 480.03 480.13 480.25 480.36 480.48 480.60 480.72 480.84 480.97 481.10 481.23 481.37 481.50 481.64 481.79 481.93 482.08 482.22 482.37 482.22 482.08 481.93 481.79 481.64 481.50 481.37 481.23 481.10 480.97 480.84 480.72 480.60 480.48 480.36 480.25 480.13 480.03 479.92 479.82 479.72 479.62 479.53 479.44 479.35 479.27 479.20 479.12 479.05 478.99 478.93 478.88 478.83 478.79
478.39 478.40 478.44 478.48 478.52 478.58 478.64 478.70 478.77 478.85 478.93 479.01 479.10 479.19 479.28 479.38 479.48 479.58 479.69 479.80 479.91 480.03 480.15 480.27 480.39 480.52 480.65 480.78 480.91 481.05 481.19 481.33 481.47 481.62 481.77 481.92 482.07 481.92 481.77 481.62 481.47 481.33 481.19 481.05 480.91 480.78 480.65 480.52 480.39 480.27 480.15 480.03 479.91 479.80 479.69 479.58 479.48 479.38 479.28 479.19 479.10 479.01 478.93 478.85 478.77 478.70 478.64 478.58 478.52 478.48 478.44
478.04 478.06 478.09 478.13 478.18 478.24 478.30 478.36 478.43 478.51 478.59 478.67 478.76 478.85 478.95 479.05 479.15 479.25 479.36 479.47 479.59 479.70 479.82 479.95 480.07 480.20 480.33 480.47 480.60 480.74 480.88 481.02 481.17 481.32 481.47 481.62 481.77 481.62 481.47 481.32 481.17 481.02 480.88 480.74 480.60 480.47 480.33 480.20 480.07 479.95 479.82 479.70 479.59 479.47 479.36 479.25 479.15 479.05 478.95 478.85 478.76 478.67 478.59 478.51 478.43 478.36 478.30 478.24 478.18 478.13 478.09
477.71 477.73 477.76 477.80 477.85 477.91 477.97 478.04 478.11 478.18 478.26 478.35 478.44 478.53 478.63 478.73 478.83 478.94 479.05 479.16 479.27 479.39 479.51 479.64 479.77 479.90 480.03 480.16 480.30 480.44 480.58 480.73 480.87 481.02 481.18 481.33 481.49 481.33 481.18 481.02 480.87 480.73 480.58 480.44 480.30 480.16 480.03 479.90 479.77 479.64 479.51 479.39 479.27 479.16 479.05 478.94 478.83 478.73 478.63 478.53 478.44 478.35 478.26 478.18 478.11 478.04 477.97 477.91 477.85 477.80 477.76
477.39 477.41 477.44 477.48 477.53 477.59 477.65 477.72 477.79 477.87 477.95 478.04 478.12 478.22 478.32 478.42 478.52 478.63 478.74 478.85 478.97 479.09 479.21 479.34 479.47 479.60 479.73 479.87 480.01 480.15 480.30 480.44 480.59 480.74 480.90 481.05 481.21 481.05 480.90 480.74 480.59 480.44 480.30 480.15 480.01 479.87 479.73 479.60 479.47 479.34 479.21 479.09 478.97 478.85 478.74 478.63 478.52 478.42 478.32 478.22 478.12 478.04 477.95 477.87 477.79 477.72 477.65 477.59 477.53 477.48 477.44
477.08 477.10 477.13 477.17 477.22 477.28 477.34 477.41 477.48 477.56 477.64 477.73 477.82 477.92 478.02 478.12 478.22 478.33 478.44 478.56 478.68 478.80 478.92 479.05 479.18 479.31 479.45 479.59 479.73 479.87 480.02 480.17 480.32 480.47 480.63 480.78 480.94 480.78 480.63 480.47 480.32 480.17 480.02 479.87 479.73 479.59 479.45 479.31 479.18 479.05 478.92 478.80 478.68 478.56 478.44 478.33 478.22 478.12 478.02 477.92 477.82 477.73 477.64 477.56 477.48 477.41 477.34 477.28 477.22 477.17 477.13
476.78 476.80 476.83 476.87 476.92 476.98 477.04 477.11 477.19 477.27 477.35 477.44 477.53 477.63 477.73 477.83 477.94 478.05 478.16 478.28 478.40 478.52 478.65 478.77 478.91 479.04 479.18 479.32 479.46 479.60 479.75 479.90 480.05 480.21 480.37 480.52 480.69 480.52 480.37 480.21 480.05 479.90 479.75 479.60 479.46 479.32 479.18 479.04 478.91 478.77 478.65 478.52 478.40 478.28 478.16 478.05 477.94 477.83 477.73 477.63 477.53 477.44 477.35 477.27 477.19 477.11 477.04 476.98 476.92 476.87 476.83
476.49 476.51 476.54 476.58 476.63 476.69 476.76 476.83 476.90 476.98 477.07 477.16 477.25 477.35 477.45 477.55 477.66 477.77 477.89 478.00 478.12 478.25 478.38 478.51 478.64 478.78 478.91 479.05 479.20 479.35 479.49 479.65 479.80 479.96 480.12 480.28 480.44 480.28 480.12 479.96 479.80 479.65 479.49 479.35 479.20 479.05 478.91 478.78 478.64 478.51 478.38 478.25 478.12 478.00 477.89 477.77 477.66 477.55 477.45 477.35 477.25 477.16 477.07 476.98 476.90 476.83 476.76 476.69 476.63 476.58 476.54
476.21 476.23 476.26 476.30 476.36 476.41 476.48 476.55 476.63 476.71 476.79 476.88 476.98 477.08 477.18 477.28 477.39 477.50 477.62 477.74 477.86 477.99 478.12 478.25 478.38 478.52 478.66 478.80 478.95 479.10 479.25 479.40 479.56 479.72 479.88 480.04 480.20 480.04 479.88 479.72 479.56 479.40 479.25 479.10 478.95 478.80 478.66 478.52 478.38 478.25 478.12 477.99 477.86 477.74 477.62 477.50 477.39 477.28 477.18 477.08 476.98 476.88 476.79 476.71 476.63 476.55 476.48 476.41 476.36 476.30 476.26
475.94 475.96 475.99 476.04 476.09 476.15 476.21 476.28 476.36 476.44 476.53 476.62 476.72 476.82 476.92 477.03 477.14 477.25 477.37 477.49 477.61 477.74 477.87 478.00 478.14 478.28 478.42 478.56 478.71 478.86 479.01 479.17 479.32 479.48 479.65 479.81 479.98 479.81 479.65 479.48 479.32 479.17 479.01 478.86 478.71 478.56 478.42 478.28 478.14 478.00 477.87 477.74 477.61 477.49 477.37 477.25 477.14 477.03 476.92 476.82 476.72 476.62 476.53 476.44 476.36 476.28 476.21 476.15 476.09 476.04 475.99
475.68 475.70 475.73 475.78 475.83 475.89 475.96 476.03 476.11 476.19 476.28 476.37 476.47 476.57 476.67 476.78 476.89 477.00 477.12 477.25 477.37 477.50 477.63 477.76 477.90 478.04 478.19 478.33 478.48 478.63 478.79 478.94 479.10 479.26 479.43 479.59 479.76 479.59 479.43 479.26 479.10 478.94 478.79 478.63 478.48 478.33 478.19 478.04 477.90 477.76 477.63 477.50 477.37 477.25 477.12 477.00 476.89 476.78 476.67 476.57 476.47 476.37 476.28 476.19 476.11 476.03 475.96 475.89 475.83 475.78 475.73
475.43 475.45 475.49 475.53 475.58 475.65 475.71 475.79 475.86 475.95 476.04 476.13 476.23 476.33 476.43 476.54 476.65 476.77 476.89 477.01 477.14 477.27 477.40 477.54 477.68 477.82 477.96 478.11 478.26 478.41 478.57 478.73 478.89 479.05 479.22 479.39 479.56 479.39 479.22 479.05 478.89 478.73 478.57 478.41 478.26 478.11 477.96 477.82 477.68 477.54 477.40 477.27 477.14 477.01 476.89 476.77 476.65 476.54 476.43 476.33 476.23 476.13 476.04 475.95 475.86 475.79 475.71 475.65 475.58 475.53 475.49
475.19 475.21 475.25 475.29 475.35 475.41 475.48 475.55 475.63 475.72 475.80 475.90 476.00 476.10 476.20 476.32 476.43 476.55 476.67 476.79 476.92 477.05 477.18 477.32 477.46 477.61 477.75 477.90 478.05 478.21 478.36 478.52 478.69 478.85 479.02 479.19 479.36 479.19 479.02 478.85 478.69 478.52 478.36 478.21 478.05 477.90 477.75 477.61 477.46 477.32 477.18 477.05 476.92 476.79 476.67 476.55 476.43 476.32 476.20 476.10 476.00 475.90 475.80 475.72 475.63 475.55 475.48 475.41 475.35 475.29 475.25
474.97 474.99 475.02 475.07 475.12 475.19 475.25 475.33 475.41 475.49 475.58 475.68 475.78 475.88 475.99 476.10 476.21 476.33 476.46 476.58 476.71 476.84 476.98 477.12 477.26 477.40 477.55 477.70 477.85 478.01 478.17 478.33 478.49 478.66 478.83 479.00 479.18 479.00 478.83 478.66 478.49 478.33 478.17 478.01 477.85 477.70 477.55 477.40 477.26 477.12 476.98 476.84 476.71 476.58 476.46 476.33 476.21 476.10 475.99 475.88 475.78 475.68 475.58 475.49 475.41 475.33 475.25 475.19 475.12 475.07 475.02
474.75 474.77 474.81 474.85 474.91 474.97 475.04 475.12 475.20 475.28 475.37 475.47 475.57 475.67 475.78 475.89 476.01 476.13 476.25 476.38 476.51 476.64 476.78 476.92 477.06 477.21 477.36 477.51 477.67 477.82 477.98 478.15 478.31 478.48 478.65 478.82 479.00 478.82 478.65 478.48 478.31 478.15 477.98 477.82 477.67 477.51 477.36 477.21 477.06 476.92 476.78 476.64 476.51 476.38 476.25 476.13 476.01 475.89 475.78 475.67 475.57 475.47 475.37 475.28 475.20 475.12 475.04 474.97 474.91 474.85 474.81
474.55 474.57 474.60 474.65 474.70 474.77 474.84 474.91 474.99 475.08 475.17 475.27 475.37 475.48 475.59 475.70 475.82 475.94 476.06 476.19 476.32 476.46 476.59 476.74 476.88 477.03 477.18 477.33 477.49 477.65 477.81 477.97 478.14 478.31 478.48 478.66 478.84 478.66 478.48 478.31 478.14 477.97 477.81 477.65 477.49 477.33 477.18 477.03 476.88 476.74 476.59 476.46 476.32 476.19 476.06 475.94 475.82 475.70 475.59 475.48 475.37 475.27 475.17 475.08 474.99 474.91 474.84 474.77 474.70 474.65 474.60
474.35 474.37 474.41 474.45 474.51 474.57 474.64 474.72 474.80 474.89 474.98 475.08 475.18 475.29 475.40 475.51 475.63 475.76 475.88 476.01 476.14 476.28 476.42 476.56 476.71 476.86 477.01 477.16 477.32 477.48 477.64 477.81 477.98 478.15 478.32 478.50 478.68 478.50 478.32 478.15 477.98 477.81 477.64 477.48 477.32 477.16 477.01 476.86 476.71 476.56 476.42 476.28 476.14 476.01 475.88 475.76 475.63 475.51 475.40 475.29 475.18 475.08 474.98 474.89 474.80 474.72 474.64 474.57 474.51 474.45 474.41
474.17 474.19 474.22 474.27 474.33 474.39 474.46 474.54 474.62 474.71 474.81 474.90 475.01 475.11 475.23 475.34 475.46 475.58 475.71 475.84 475.97 476.11 476.25 476.40 476.54 476.69 476.85 477.00 477.16 477.32 477.49 477.66 477.83 478.00 478.18 478.35 478.54 478.35 478.18 478.00 477.83 477.66 477.49 477.32 477.16 477.00 476.85 476.69 476.54 476.40 476.25 476.11 475.97 475.84 475.71 475.58 475.46 475.34 475.23 475.11 475.01 474.90 474.81 474.71 474.62 474.54 474.46 474.39 474.33 474.27 474.22
473.99 474.01 474.05 474.10 474.15 474.22 474.29 474.37 474.45 474.54 474.64 474.74 474.84 474.95 475.06 475.18 475.30 475.42 475.55 475.68 475.82 475.96 476.10 476.24 476.39 476.54 476.70 476.86 477.02 477.18 477.35 477.51 477.69 477.86 478.04 478.22 478.40 478.22 478.04 477.86 477.69 477.51 477.35 477.18 477.02 476.86 476.70 476.54 476.39 476.24 476.10 475.96 475.82 475.68 475.55 475.42 475.30 475.18 475.06 474.95 474.84 474.74 474.64 474.54 474.45 474.37 474.29 474.22 474.15 474.10 474.05
473.83 473.85 473.89 473.93 473.99 474.06 474.13 474.21 474.29 474.38 474.48 474.58 474.68 474.79 474.91 475.02 475.15 475.27 475.40 475.53 475.67 475.81 475.95 476.10 476.25 476.40 476.56 476.72 476.88 477.04 477.21 477.38 477.56 477.73 477.91 478.09 478.28 478.09 477.91 477.73 477.56 477.38 477.21 477.04 476.88 476.72 476.56 476.40 476.25 476.10 475.95 475.81 475.67 475.53 475.40 475.27 475.15 475.02 474.91 474.79 474.68 474.58 474.48 474.38 474.29 474.21 474.13 474.06 473.99 473.93 473.89
473.67 473.70 473.73 473.78 473.84 473.91 473.98 474.06 474.14 474.24 474.33 474.43 474.54 474.65 474.76 474.88 475.00 475.13 475.26 475.40 475.53 475.67 475.82 475.97 476.12 476.27 476.43 476.59 476.75 476.92 477.09 477.26 477.44 477.61 477.79 477.98 478.16 477.98 477.79 477.61 477.44 477.26 477.09 476.92 476.75 476.59 476.43 476.27 476.12 475.97 475.82 475.67 475.53 475.40 475.26 475.13 475.00 474.88 474.76 474.65 474.54 474.43 474.33 474.24 474.14 474.06 473.98 473.91 473.84 473.78 473.73
473.53 473.55 473.59 473.64 473.70 473.77 473.84 473.92 474.01 474.10 474.19 474.30 474.40 474.51 474.63 474.75 474.87 475.00 475.13 475.27 475.41 475.55 475.69 475.84 476.00 476.15 476.31 476.47 476.64 476.80 476.98 477.15 477.33 477.50 477.69 477.87 478.06 477.87 477.69 477.50 477.33 477.15 476.98 476.80 476.64 476.47 476.31 476.15 476.00 475.84 475.69 475.55 475.41 475.27 475.13 475.00 474.87 474.75 474.63 474.51 474.40 474.30 474.19 474.10 474.01 473.92 473.84 473.77 473.70 473.64 473.59
473.40 473.42 473.46 473.51 473.57 473.64 473.71 473.79 473.88 473.97 474.07 474.17 474.28 474.39 474.51 474.63 474.75 474.88 475.01 475.15 475.29 475.43 475.58 475.73 475.88 476.04 476.20 476.36 476.53 476.70 476.87 477.05 477.23 477.41 477.59 477.78 477.96 477.78 477.59 477.41 477.23 477.05 476.87 476.70 476.53 476.36 476.20 476.04 475.88 475.73 475.58 475.43 475.29 475.15 475.01 474.88 474.75 474.63 474.51 474.39 474.28 474.17 474.07 473.97 473.88 473.79 473.71 473.64 473.57 473.51 473.46
473.28 473.30 473.34 473.39 473.45 473.52 473.59 473.67 473.76 473.85 473.95 474.06 474.16 474.28 474.39 474.52 474.64 474.77 474.91 475.04 475.18 475.33 475.48 475.63 475.78 475.94 476.10 476.27 476.44 476.61 476.78 476.96 477.14 477.32 477.50 477.69 477.88 477.69 477.50 477.32 477.14 476.96 476.78 476.61 476.44 476.27 476.10 475.94 475.78 475.63 475.48 475.33 475.18 475.04 474.91 474.77 474.64 474.52 474.39 474.28 474.16 474.06 473.95 473.85 473.76 473.67 473.59 473.52 473.45 473.39 473.34
473.17 473.19 473.23 473.28 473.34 473.41 473.48 473.57 473.65 473.75 473.85 473.95 474.06 474.17 474.29 474.42 474.54 474.67 474.81 474.95 475.09 475.23 475.38 475.54 475.69 475.85 476.02 476.18 476.35 476.52 476.70 476.88 477.06 477.24 477.43 477.62 477.81 477.62 477.43 477.24 477.06 476.88 476.70 476.52 476.35 476.18 476.02 475.85 475.69 475.54 475.38 475.23 475.09 474.95 474.81 474.67 474.54 474.42 474.29 474.17 474.06 473.95 473.85 473.75 473.65 473.57 473.48 473.41 473.34 473.28 473.23
473.07 473.09 473.13 473.18 473.24 473.31 473.39 473.47 473.56 473.65 473.75 473.86 473.97 474.08 474.20 474.33 474.45 474.59 474.72 474.86 475.00 475.15 475.30 475.46 475.61 475.77 475.94 476.11 476.28 476.45 476.63 476.80 476.99 477.17 477.36 477.55 477.74 477.55 477.36 477.17 476.99 476.80 476.63 476.45 476.28 476.11 475.94 475.77 475.61 475.46 475.30 475.15 475.00 474.86 474.72 474.59 474.45 474.33 474.20 474.08 473.97 473.86 473.75 473.65 473.56 473.47 473.39 473.31 473.24 473.18 473.13
472.98 473.00 473.04 473.09 473.15 473.22 473.30 473.38 473.47 473.57 473.67 473.77 473.88 474.00 474.12 474.25 474.37 474.51 474.64 474.79 474.93 475.08 475.23 475.39 475.54 475.71 475.87 476.04 476.21 476.39 476.56 476.74 476.93 477.12 477.30 477.50 477.69 477.50 477.30 477.12 476.93 476.74 476.56 476.39 476.21 476.04 475.87 475.71 475.54 475.39 475.23 475.08 474.93 474.79 474.64 474.51 474.37 474.25 474.12 474.00 473.88 473.77 473.67 473.57 473.47 473.38 473.30 473.22 473.15 473.09 473.04
