data/virtual_blocks/concave_divergent.asc
NCOLS 72
NROWS 72
XLLCORNER 1506552
YLLCORNER 5533496
CELLSIZE 4
NODATA_VALUE -9999
[rows 0 to 31 of 72, columns 0 to 70 of 72]
499.25 499.25 499.25 499.26 499.27 499.28 499.29 499.30 499.31 499.32 499.33 499.34 499.36 499.37 499.39 499.40 499.42 499.44 499.45 499.47 499.49 499.51 499.53 499.55 499.57 499.59 499.61 499.63 499.65 499.67 499.69 499.72 499.74 499.76 499.79 499.81 499.83 499.81 499.79 499.76 499.74 499.72 499.69 499.67 499.65 499.63 499.61 499.59 499.57 499.55 499.53 499.51 499.49 499.47 499.45 499.44 499.42 499.40 499.39 499.37 499.36 499.34 499.33 499.32 499.31 499.30 499.29 499.28 499.27 499.26 499.25
498.50 498.50 498.51 498.52 498.53 498.54 498.56 498.57 498.59 498.61 498.62 498.64 498.66 498.68 498.70 498.73 498.75 498.77 498.80 498.82 498.85 498.87 498.90 498.93 498.95 498.98 499.01 499.04 499.07 499.10 499.14 499.17 499.20 499.23 499.27 499.30 499.33 499.30 499.27 499.23 499.20 499.17 499.14 499.10 499.07 499.04 499.01 498.98 498.95 498.93 498.90 498.87 498.85 498.82 498.80 498.77 498.75 498.73 498.70 498.68 498.66 498.64 498.62 498.61 498.59 498.57 498.56 498.54 498.53 498.52 498.51
497.77 497.77 497.78 497.79 497.81 497.82 497.84 497.86 497.87 497.90 497.92 497.94 497.96 497.99 498.02 498.04 498.07 498.10 498.13 498.16 498.19 498.22 498.26 498.29 498.32 498.36 498.39 498.43 498.47 498.51 498.54 498.58 498.62 498.66 498.70 498.75 498.79 498.75 498.70 498.66 498.62 498.58 498.54 498.51 498.47 498.43 498.39 498.36 498.32 498.29 498.26 498.22 498.19 498.16 498.13 498.10 498.07 498.04 498.02 497.99 497.96 497.94 497.92 497.90 497.87 497.86 497.84 497.82 497.81 497.79 497.78
497.04 497.05 497.06 497.07 497.09 497.11 497.12 497.15 497.17 497.19 497.22 497.24 497.27 497.30 497.33 497.36 497.39 497.43 497.46 497.50 497.53 497.57 497.61 497.65 497.69 497.73 497.77 497.81 497.85 497.90 497.94 497.99 498.03 498.08 498.13 498.17 498.22 498.17 498.13 498.08 498.03 497.99 497.94 497.90 497.85 497.81 497.77 497.73 497.69 497.65 497.61 497.57 497.53 497.50 497.46 497.43 497.39 497.36 497.33 497.30 497.27 497.24 497.22 497.19 497.17 497.15 497.12 497.11 497.09 497.07 497.06
496.33 496.34 496.35 496.36 496.38 496.40 496.42 496.44 496.47 496.50 496.52 496.55 496.59 496.62 496.65 496.69 496.72 496.76 496.80 496.84 496.88 496.92 496.96 497.00 497.05 497.09 497.14 497.19 497.24 497.28 497.33 497.38 497.44 497.49 497.54 497.60 497.65 497.60 497.54 497.49 497.44 497.38 497.33 497.28 497.24 497.19 497.14 497.09 497.05 497.00 496.96 496.92 496.88 496.84 496.80 496.76 496.72 496.69 496.65 496.62 496.59 496.55 496.52 496.50 496.47 496.44 496.42 496.40 496.38 496.36 496.35
495.63 495.64 495.65 495.66 495.68 495.70 495.73 495.75 495.78 495.81 495.84 495.87 495.91 495.94 495.98 496.02 496.06 496.10 496.14 496.18 496.23 496.27 496.32 496.37 496.42 496.47 496.52 496.57 496.62 496.67 496.73 496.78 496.84 496.90 496.95 497.01 497.07 497.01 496.95 496.90 496.84 496.78 496.73 496.67 496.62 496.57 496.52 496.47 496.42 496.37 496.32 496.27 496.23 496.18 496.14 496.10 496.06 496.02 495.98 495.94 495.91 495.87 495.84 495.81 495.78 495.75 495.73 495.70 495.68 495.66 495.65
494.94 494.95 494.96 494.98 495.00 495.02 495.04 495.07 495.10 495.13 495.17 495.20 495.24 495.28 495.32 495.36 495.40 495.44 495.49 495.54 495.58 495.63 495.68 495.73 495.79 495.84 495.90 495.95 496.01 496.07 496.12 496.18 496.25 496.31 496.37 496.43 496.50 496.43 496.37 496.31 496.25 496.18 496.12 496.07 496.01 495.95 495.90 495.84 495.79 495.73 495.68 495.63 495.58 495.54 495.49 495.44 495.40 495.36 495.32 495.28 495.24 495.20 495.17 495.13 495.10 495.07 495.04 495.02 495.00 494.98 494.96
494.26 494.27 494.28 494.30 494.32 494.34 494.37 494.40 494.43 494.47 494.50 494.54 494.58 494.62 494.66 494.71 494.75 494.80 494.85 494.90 494.95 495.00 495.05 495.11 495.16 495.22 495.28 495.34 495.40 495.46 495.53 495.59 495.65 495.72 495.79 495.86 495.92 495.86 495.79 495.72 495.65 495.59 495.53 495.46 495.40 495.34 495.28 495.22 495.16 495.11 495.05 495.00 494.95 494.90 494.85 494.80 494.75 494.71 494.66 494.62 494.58 494.54 494.50 494.47 494.43 494.40 494.37 494.34 494.32 494.30 494.28
493.59 493.60 493.61 493.63 493.65 493.68 493.71 493.74 493.77 493.81 493.85 493.89 493.93 493.97 494.02 494.06 494.11 494.16 494.21 494.27 494.32 494.38 494.43 494.49 494.55 494.61 494.67 494.74 494.80 494.87 494.93 495.00 495.07 495.14 495.21 495.28 495.36 495.28 495.21 495.14 495.07 495.00 494.93 494.87 494.80 494.74 494.67 494.61 494.55 494.49 494.43 494.38 494.32 494.27 494.21 494.16 494.11 494.06 494.02 493.97 493.93 493.89 493.85 493.81 493.77 493.74 493.71 493.68 493.65 493.63 493.61
492.93 492.94 492.95 492.97 493.00 493.02 493.05 493.09 493.12 493.16 493.20 493.24 493.29 493.33 493.38 493.43 493.48 493.53 493.59 493.64 493.70 493.76 493.82 493.88 493.94 494.01 494.07 494.14 494.21 494.28 494.35 494.42 494.49 494.56 494.64 494.71 494.79 494.71 494.64 494.56 494.49 494.42 494.35 494.28 494.21 494.14 494.07 494.01 493.94 493.88 493.82 493.76 493.70 493.64 493.59 493.53 493.48 493.43 493.38 493.33 493.29 493.24 493.20 493.16 493.12 493.09 493.05 493.02 493.00 492.97 492.95
492.28 492.29 492.30 492.33 492.35 492.38 492.41 492.45 492.48 492.52 492.56 492.61 492.65 492.70 492.75 492.80 492.86 492.91 492.97 493.03 493.09 493.15 493.21 493.28 493.34 493.41 493.48 493.55 493.62 493.69 493.77 493.84 493.92 493.99 494.07 494.15 494.23 494.15 494.07 493.99 493.92 493.84 493.77 493.69 493.62 493.55 493.48 493.41 493.34 493.28 493.21 493.15 493.09 493.03 492.97 492.91 492.86 492.80 492.75 492.70 492.65 492.61 492.56 492.52 492.48 492.45 492.41 492.38 492.35 492.33 492.30
491.64 491.65 491.67 491.69 491.72 491.75 491.78 491.82 491.85 491.90 491.94 491.98 492.03 492.08 492.14 492.19 492.24 492.30 492.36 492.42 492.49 492.55 492.62 492.68 492.75 492.82 492.89 492.97 493.04 493.12 493.19 493.27 493.35 493.43 493.51 493.60 493.68 493.60 493.51 493.43 493.35 493.27 493.19 493.12 493.04 492.97 492.89 492.82 492.75 492.68 492.62 492.55 492.49 492.42 492.36 492.30 492.24 492.19 492.14 492.08 492.03 491.98 491.94 491.90 491.85 491.82 491.78 491.75 491.72 491.69 491.67
491.01 491.02 491.04 491.06 491.09 491.12 491.16 491.19 491.23 491.28 491.32 491.37 491.42 491.47 491.53 491.58 491.64 491.70 491.76 491.83 491.89 491.96 492.03 492.10 492.17 492.24 492.32 492.39 492.47 492.55 492.63 492.71 492.79 492.88 492.96 493.05 493.14 493.05 492.96 492.88 492.79 492.71 492.63 492.55 492.47 492.39 492.32 492.24 492.17 492.10 492.03 491.96 491.89 491.83 491.76 491.70 491.64 491.58 491.53 491.47 491.42 491.37 491.32 491.28 491.23 491.19 491.16 491.12 491.09 491.06 491.04
490.39 490.40 490.42 490.45 490.48 490.51 490.54 490.58 490.63 490.67 490.72 490.77 490.82 490.87 490.93 490.99 491.05 491.11 491.17 491.24 491.31 491.38 491.45 491.52 491.59 491.67 491.75 491.83 491.91 491.99 492.07 492.16 492.24 492.33 492.42 492.51 492.60 492.51 492.42 492.33 492.24 492.16 492.07 491.99 491.91 491.83 491.75 491.67 491.59 491.52 491.45 491.38 491.31 491.24 491.17 491.11 491.05 490.99 490.93 490.87 490.82 490.77 490.72 490.67 490.63 490.58 490.54 490.51 490.48 490.45 490.42
489.79 489.80 489.82 489.84 489.87 489.91 489.94 489.98 490.03 490.07 490.12 490.17 490.23 490.28 490.34 490.40 490.46 490.53 490.59 490.66 490.73 490.80 490.88 490.95 491.03 491.11 491.19 491.27 491.35 491.44 491.52 491.61 491.70 491.79 491.88 491.98 492.07 491.98 491.88 491.79 491.70 491.61 491.52 491.44 491.35 491.27 491.19 491.11 491.03 490.95 490.88 490.80 490.73 490.66 490.59 490.53 490.46 490.40 490.34 490.28 490.23 490.17 490.12 490.07 490.03 489.98 489.94 489.91 489.87 489.84 489.82
489.19 489.20 489.22 489.25 489.28 489.31 489.35 489.39 489.44 489.49 489.54 489.59 489.64 489.70 489.76 489.83 489.89 489.96 490.02 490.09 490.17 490.24 490.32 490.39 490.47 490.56 490.64 490.72 490.81 490.90 490.98 491.07 491.17 491.26 491.35 491.45 491.55 491.45 491.35 491.26 491.17 491.07 490.98 490.90 490.81 490.72 490.64 490.56 490.47 490.39 490.32 490.24 490.17 490.09 490.02 489.96 489.89 489.83 489.76 489.70 489.64 489.59 489.54 489.49 489.44 489.39 489.35 489.31 489.28 489.25 489.22
488.61 488.62 488.64 488.66 488.70 488.73 488.77 488.81 488.86 488.91 488.96 489.02 489.07 489.13 489.19 489.26 489.33 489.39 489.46 489.54 489.61 489.69 489.77 489.85 489.93 490.01 490.10 490.18 490.27 490.36 490.45 490.55 490.64 490.74 490.84 490.93 491.03 490.93 490.84 490.74 490.64 490.55 490.45 490.36 490.27 490.18 490.10 490.01 489.93 489.85 489.77 489.69 489.61 489.54 489.46 489.39 489.33 489.26 489.19 489.13 489.07 489.02 488.96 488.91 488.86 488.81 488.77 488.73 488.70 488.66 488.64
488.03 488.04 488.06 488.09 488.12 488.16 488.20 488.24 488.29 488.34 488.40 488.45 488.51 488.57 488.64 488.70 488.77 488.84 488.91 488.99 489.07 489.14 489.22 489.31 489.39 489.48 489.56 489.65 489.74 489.84 489.93 490.03 490.13 490.22 490.32 490.43 490.53 490.43 490.32 490.22 490.13 490.03 489.93 489.84 489.74 489.65 489.56 489.48 489.39 489.31 489.22 489.14 489.07 488.99 488.91 488.84 488.77 488.70 488.64 488.57 488.51 488.45 488.40 488.34 488.29 488.24 488.20 488.16 488.12 488.09 488.06
487.47 487.48 487.50 487.53 487.56 487.60 487.64 487.69 487.73 487.79 487.84 487.90 487.96 488.02 488.09 488.16 488.23 488.30 488.37 488.45 488.53 488.61 488.69 488.78 488.86 488.95 489.04 489.13 489.23 489.32 489.42 489.52 489.62 489.72 489.82 489.93 490.03 489.93 489.82 489.72 489.62 489.52 489.42 489.32 489.23 489.13 489.04 488.95 488.86 488.78 488.69 488.61 488.53 488.45 488.37 488.30 488.23 488.16 488.09 488.02 487.96 487.90 487.84 487.79 487.73 487.69 487.64 487.60 487.56 487.53 487.50
486.91 486.92 486.95 486.97 487.01 487.05 487.09 487.14 487.19 487.24 487.30 487.36 487.42 487.48 487.55 487.62 487.69 487.77 487.84 487.92 488.00 488.09 488.17 488.26 488.35 488.44 488.53 488.62 488.72 488.82 488.92 489.02 489.12 489.22 489.33 489.44 489.55 489.44 489.33 489.22 489.12 489.02 488.92 488.82 488.72 488.62 488.53 488.44 488.35 488.26 488.17 488.09 488.00 487.92 487.84 487.77 487.69 487.62 487.55 487.48 487.42 487.36 487.30 487.24 487.19 487.14 487.09 487.05 487.01 486.97 486.95
486.37 486.38 486.40 486.43 486.47 486.51 486.55 486.60 486.65 486.71 486.76 486.82 486.89 486.95 487.02 487.09 487.17 487.24 487.32 487.40 487.49 487.57 487.66 487.75 487.84 487.93 488.02 488.12 488.22 488.32 488.42 488.53 488.63 488.74 488.85 488.96 489.07 488.96 488.85 488.74 488.63 488.53 488.42 488.32 488.22 488.12 488.02 487.93 487.84 487.75 487.66 487.57 487.49 487.40 487.32 487.24 487.17 487.09 487.02 486.95 486.89 486.82 486.76 486.71 486.65 486.60 486.55 486.51 486.47 486.43 486.40
485.83 485.85 485.87 485.90 485.94 485.98 486.02 486.07 486.12 486.18 486.24 486.30 486.37 486.43 486.50 486.58 486.65 486.73 486.81 486.89 486.98 487.07 487.15 487.25 487.34 487.43 487.53 487.63 487.73 487.83 487.94 488.04 488.15 488.26 488.37 488.48 488.60 488.48 488.37 488.26 488.15 488.04 487.94 487.83 487.73 487.63 487.53 487.43 487.34 487.25 487.15 487.07 486.98 486.89 486.81 486.73 486.65 486.58 486.50 486.43 486.37 486.30 486.24 486.18 486.12 486.07 486.02 485.98 485.94 485.90 485.87
485.31 485.33 485.35 485.38 485.42 485.46 485.50 485.55 485.61 485.67 485.73 485.79 485.86 485.93 486.00 486.07 486.15 486.23 486.31 486.40 486.48 486.57 486.66 486.76 486.85 486.95 487.05 487.15 487.25 487.36 487.46 487.57 487.68 487.79 487.91 488.02 488.14 488.02 487.91 487.79 487.68 487.57 487.46 487.36 487.25 487.15 487.05 486.95 486.85 486.76 486.66 486.57 486.48 486.40 486.31 486.23 486.15 486.07 486.00 485.93 485.86 485.79 485.73 485.67 485.61 485.55 485.50 485.46 485.42 485.38 485.35
484.80 484.81 484.84 484.87 484.91 484.95 485.00 485.05 485.10 485.16 485.22 485.29 485.36 485.43 485.50 485.58 485.66 485.74 485.82 485.91 486.00 486.09 486.18 486.27 486.37 486.47 486.57 486.68 486.78 486.89 487.00 487.11 487.22 487.33 487.45 487.57 487.69 487.57 487.45 487.33 487.22 487.11 487.00 486.89 486.78 486.68 486.57 486.47 486.37 486.27 486.18 486.09 486.00 485.91 485.82 485.74 485.66 485.58 485.50 485.43 485.36 485.29 485.22 485.16 485.10 485.05 485.00 484.95 484.91 484.87 484.84
484.30 484.31 484.34 484.37 484.41 484.45 484.50 484.55 484.61 484.67 484.73 484.80 484.87 484.94 485.01 485.09 485.17 485.25 485.34 485.43 485.52 485.61 485.71 485.80 485.90 486.00 486.11 486.21 486.32 486.43 486.54 486.65 486.77 486.88 487.00 487.12 487.24 487.12 487.00 486.88 486.77 486.65 486.54 486.43 486.32 486.21 486.11 486.00 485.90 485.80 485.71 485.61 485.52 485.43 485.34 485.25 485.17 485.09 485.01 484.94 484.87 484.80 484.73 484.67 484.61 484.55 484.50 484.45 484.41 484.37 484.34
483.81 483.82 483.85 483.88 483.92 483.96 484.01 484.07 484.12 484.18 484.25 484.32 484.39 484.46 484.54 484.62 484.70 484.78 484.87 484.96 485.05 485.15 485.24 485.34 485.44 485.55 485.65 485.76 485.87 485.98 486.09 486.21 486.33 486.44 486.57 486.69 486.81 486.69 486.57 486.44 486.33 486.21 486.09 485.98 485.87 485.76 485.65 485.55 485.44 485.34 485.24 485.15 485.05 484.96 484.87 484.78 484.70 484.62 484.54 484.46 484.39 484.32 484.25 484.18 484.12 484.07 484.01 483.96 483.92 483.88 483.85
483.33 483.34 483.37 483.40 483.44 483.49 483.54 483.59 483.65 483.71 483.78 483.84 483.92 483.99 484.07 484.15 484.23 484.32 484.41 484.50 484.60 484.69 484.79 484.89 484.99 485.10 485.21 485.32 485.43 485.54 485.66 485.77 485.89 486.01 486.14 486.26 486.39 486.26 486.14 486.01 485.89 485.77 485.66 485.54 485.43 485.32 485.21 485.10 484.99 484.89 484.79 484.69 484.60 484.50 484.41 484.32 484.23 484.15 484.07 483.99 483.92 483.84 483.78 483.71 483.65 483.59 483.54 483.49 483.44 483.40 483.37
482.86 482.87 482.90 482.93 482.97 483.02 483.07 483.13 483.18 483.25 483.31 483.38 483.46 483.53 483.61 483.70 483.78 483.87 483.96 484.05 484.15 484.25 484.35 484.45 484.56 484.66 484.77 484.88 485.00 485.11 485.23 485.35 485.47 485.59 485.72 485.85 485.98 485.85 485.72 485.59 485.47 485.35 485.23 485.11 485.00 484.88 484.77 484.66 484.56 484.45 484.35 484.25 484.15 484.05 483.96 483.87 483.78 483.70 483.61 483.53 483.46 483.38 483.31 483.25 483.18 483.13 483.07 483.02 482.97 482.93 482.90
482.40 482.41 482.44 482.47 482.52 482.56 482.61 482.67 482.73 482.80 482.86 482.93 483.01 483.09 483.17 483.25 483.34 483.43 483.52 483.62 483.71 483.81 483.91 484.02 484.13 484.23 484.35 484.46 484.58 484.69 484.81 484.93 485.06 485.18 485.31 485.44 485.57 485.44 485.31 485.18 485.06 484.93 484.81 484.69 484.58 484.46 484.35 484.23 484.13 484.02 483.91 483.81 483.71 483.62 483.52 483.43 483.34 483.25 483.17 483.09 483.01 482.93 482.86 482.80 482.73 482.67 482.61 482.56 482.52 482.47 482.44
481.95 481.96 481.99 482.03 482.07 482.12 482.17 482.23 482.29 482.35 482.42 482.50 482.57 482.65 482.73 482.82 482.91 483.00 483.09 483.19 483.29 483.39 483.49 483.60 483.71 483.82 483.93 484.05 484.16 484.28 484.41 484.53 484.65 484.78 484.91 485.04 485.18 485.04 484.91 484.78 484.65 484.53 484.41 484.28 484.16 484.05 483.93 483.82 483.71 483.60 483.49 483.39 483.29 483.19 483.09 483.00 482.91 482.82 482.73 482.65 482.57 482.50 482.42 482.35 482.29 482.23 482.17 482.12 482.07 482.03 481.99
481.51 481.53 481.55 481.59 481.63 481.68 481.74 481.79 481.86 481.92 481.99 482.07 482.14 482.22 482.31 482.39 482.48 482.58 482.67 482.77 482.87 482.97 483.08 483.19 483.30 483.41 483.53 483.64 483.76 483.88 484.01 484.13 484.26 484.39 484.52 484.66 484.79 484.66 484.52 484.39 484.26 484.13 484.01 483.88 483.76 483.64 483.53 483.41 483.30 483.19 483.08 482.97 482.87 482.77 482.67 482.58 482.48 482.39 482.31 482.22 482.14 482.07 481.99 481.92 481.86 481.79 481.74 481.68 481.63 481.59 481.55
481.08 481.10 481.13 481.16 481.21 481.26 481.31 481.37 481.43 481.50 481.57 481.65 481.73 481.81 481.89 481.98 482.07 482.17 482.26 482.36 482.46 482.57 482.68 482.79 482.90 483.01 483.13 483.25 483.37 483.49 483.62 483.75 483.88 484.01 484.14 484.28 484.42 484.28 484.14 484.01 483.88 483.75 483.62 483.49 483.37 483.25 483.13 483.01 482.90 482.79 482.68 482.57 482.46 482.36 482.26 482.17 482.07 481.98 481.89 481.81 481.73 481.65 481.57 481.50 481.43 481.37 481.31 481.26 481.21 481.16 481.13
