data/virtual_blocks/concave_convergent.asc
NCOLS 72
NROWS 72
XLLCORNER 1506552
YLLCORNER 5533496
CELLSIZE 4
NODATA_VALUE -9999
[rows 0 to 31 of 72, columns 0 to 70 of 72]
499.25 499.24 499.24 499.23 499.22 499.21 499.21 499.19 499.18 499.17 499.16 499.15 499.13 499.12 499.10 499.09 499.07 499.05 499.04 499.02 499.00 498.98 498.96 498.94 498.92 498.90 498.88 498.86 498.84 498.82 498.80 498.77 498.75 498.73 498.70 498.68 498.66 498.68 498.70 498.73 498.75 498.77 498.80 498.82 498.84 498.86 498.88 498.90 498.92 498.94 498.96 498.98 499.00 499.02 499.04 499.05 499.07 499.09 499.10 499.12 499.13 499.15 499.16 499.17 499.18 499.19 499.21 499.21 499.22 499.23 499.24
498.50 498.50 498.49 498.48 498.47 498.46 498.44 498.43 498.41 498.40 498.38 498.36 498.34 498.32 498.30 498.28 498.25 498.23 498.21 498.18 498.16 498.13 498.10 498.08 498.05 498.02 497.99 497.96 497.93 497.90 497.87 497.84 497.80 497.77 497.74 497.70 497.67 497.70 497.74 497.77 497.80 497.84 497.87 497.90 497.93 497.96 497.99 498.02 498.05 498.08 498.10 498.13 498.16 498.18 498.21 498.23 498.25 498.28 498.30 498.32 498.34 498.36 498.38 498.40 498.41 498.43 498.44 498.46 498.47 498.48 498.49
497.77 497.76 497.75 497.74 497.73 497.71 497.70 497.68 497.66 497.64 497.62 497.60 497.57 497.55 497.52 497.49 497.47 497.44 497.41 497.38 497.34 497.31 497.28 497.25 497.21 497.18 497.14 497.10 497.07 497.03 496.99 496.95 496.91 496.87 496.83 496.79 496.75 496.79 496.83 496.87 496.91 496.95 496.99 497.03 497.07 497.10 497.14 497.18 497.21 497.25 497.28 497.31 497.34 497.38 497.41 497.44 497.47 497.49 497.52 497.55 497.57 497.60 497.62 497.64 497.66 497.68 497.70 497.71 497.73 497.74 497.75
497.04 497.04 497.03 497.02 497.00 496.98 496.96 496.94 496.92 496.90 496.87 496.85 496.82 496.79 496.76 496.73 496.70 496.66 496.63 496.59 496.56 496.52 496.48 496.44 496.40 496.36 496.32 496.28 496.24 496.19 496.15 496.10 496.06 496.01 495.96 495.91 495.87 495.91 495.96 496.01 496.06 496.10 496.15 496.19 496.24 496.28 496.32 496.36 496.40 496.44 496.48 496.52 496.56 496.59 496.63 496.66 496.70 496.73 496.76 496.79 496.82 496.85 496.87 496.90 496.92 496.94 496.96 496.98 497.00 497.02 497.03
496.33 496.33 496.31 496.30 496.28 496.26 496.24 496.22 496.19 496.17 496.14 496.11 496.08 496.05 496.01 495.98 495.94 495.90 495.87 495.83 495.79 495.74 495.70 495.66 495.61 495.57 495.52 495.48 495.43 495.38 495.33 495.28 495.23 495.18 495.12 495.07 495.01 495.07 495.12 495.18 495.23 495.28 495.33 495.38 495.43 495.48 495.52 495.57 495.61 495.66 495.70 495.74 495.79 495.83 495.87 495.90 495.94 495.98 496.01 496.05 496.08 496.11 496.14 496.17 496.19 496.22 496.24 496.26 496.28 496.30 496.31
495.63 495.62 495.61 495.60 495.58 495.56 495.53 495.51 495.48 495.45 495.42 495.39 495.35 495.32 495.28 495.24 495.20 495.16 495.12 495.08 495.03 494.99 494.94 494.89 494.84 494.79 494.74 494.69 494.64 494.59 494.53 494.48 494.42 494.36 494.31 494.25 494.19 494.25 494.31 494.36 494.42 494.48 494.53 494.59 494.64 494.69 494.74 494.79 494.84 494.89 494.94 494.99 495.03 495.08 495.12 495.16 495.20 495.24 495.28 495.32 495.35 495.39 495.42 495.45 495.48 495.51 495.53 495.56 495.58 495.60 495.61
494.94 494.93 494.92 494.90 494.88 494.86 494.83 494.80 494.78 494.74 494.71 494.68 494.64 494.60 494.56 494.52 494.48 494.43 494.39 494.34 494.29 494.24 494.19 494.14 494.09 494.04 493.98 493.93 493.87 493.81 493.75 493.69 493.63 493.57 493.51 493.44 493.38 493.44 493.51 493.57 493.63 493.69 493.75 493.81 493.87 493.93 493.98 494.04 494.09 494.14 494.19 494.24 494.29 494.34 494.39 494.43 494.48 494.52 494.56 494.60 494.64 494.68 494.71 494.74 494.78 494.80 494.83 494.86 494.88 494.90 494.92
494.26 494.25 494.24 494.22 494.20 494.17 494.14 494.11 494.08 494.05 494.01 493.98 493.94 493.90 493.85 493.81 493.76 493.72 493.67 493.62 493.57 493.52 493.46 493.41 493.35 493.29 493.23 493.18 493.11 493.05 492.99 492.93 492.86 492.80 492.73 492.66 492.59 492.66 492.73 492.80 492.86 492.93 492.99 493.05 493.11 493.18 493.23 493.29 493.35 493.41 493.46 493.52 493.57 493.62 493.67 493.72 493.76 493.81 493.85 493.90 493.94 493.98 494.01 494.05 494.08 494.11 494.14 494.17 494.20 494.22 494.24
493.59 493.58 493.56 493.54 493.52 493.50 493.47 493.44 493.40 493.37 493.33 493.29 493.25 493.20 493.16 493.11 493.06 493.01 492.96 492.91 492.86 492.80 492.74 492.68 492.63 492.56 492.50 492.44 492.37 492.31 492.24 492.17 492.11 492.04 491.96 491.89 491.82 491.89 491.96 492.04 492.11 492.17 492.24 492.31 492.37 492.44 492.50 492.56 492.63 492.68 492.74 492.80 492.86 492.91 492.96 493.01 493.06 493.11 493.16 493.20 493.25 493.29 493.33 493.37 493.40 493.44 493.47 493.50 493.52 493.54 493.56
492.93 492.92 492.90 492.88 492.86 492.83 492.80 492.77 492.73 492.69 492.65 492.61 492.57 492.52 492.48 492.43 492.38 492.32 492.27 492.21 492.16 492.10 492.04 491.98 491.91 491.85 491.78 491.72 491.65 491.58 491.51 491.44 491.37 491.29 491.22 491.14 491.06 491.14 491.22 491.29 491.37 491.44 491.51 491.58 491.65 491.72 491.78 491.85 491.91 491.98 492.04 492.10 492.16 492.21 492.27 492.32 492.38 492.43 492.48 492.52 492.57 492.61 492.65 492.69 492.73 492.77 492.80 492.83 492.86 492.88 492.90
492.28 492.27 492.25 492.23 492.21 492.18 492.15 492.11 492.07 492.03 491.99 491.95 491.90 491.85 491.80 491.75 491.70 491.64 491.59 491.53 491.47 491.41 491.34 491.28 491.21 491.15 491.08 491.01 490.94 490.87 490.79 490.72 490.64 490.56 490.48 490.41 490.32 490.41 490.48 490.56 490.64 490.72 490.79 490.87 490.94 491.01 491.08 491.15 491.21 491.28 491.34 491.41 491.47 491.53 491.59 491.64 491.70 491.75 491.80 491.85 491.90 491.95 491.99 492.03 492.07 492.11 492.15 492.18 492.21 492.23 492.25
491.64 491.63 491.61 491.59 491.56 491.53 491.50 491.46 491.43 491.38 491.34 491.30 491.25 491.20 491.14 491.09 491.04 490.98 490.92 490.86 490.79 490.73 490.66 490.60 490.53 490.46 490.39 490.31 490.24 490.16 490.09 490.01 489.93 489.85 489.77 489.68 489.60 489.68 489.77 489.85 489.93 490.01 490.09 490.16 490.24 490.31 490.39 490.46 490.53 490.60 490.66 490.73 490.79 490.86 490.92 490.98 491.04 491.09 491.14 491.20 491.25 491.30 491.34 491.38 491.43 491.46 491.50 491.53 491.56 491.59 491.61
491.01 491.00 490.98 490.96 490.93 490.90 490.87 490.83 490.79 490.75 490.70 490.65 490.60 490.55 490.50 490.44 490.38 490.32 490.26 490.20 490.13 490.07 490.00 489.93 489.86 489.78 489.71 489.63 489.55 489.48 489.40 489.31 489.23 489.15 489.06 488.98 488.89 488.98 489.06 489.15 489.23 489.31 489.40 489.48 489.55 489.63 489.71 489.78 489.86 489.93 490.00 490.07 490.13 490.20 490.26 490.32 490.38 490.44 490.50 490.55 490.60 490.65 490.70 490.75 490.79 490.83 490.87 490.90 490.93 490.96 490.98
490.39 490.38 490.37 490.34 490.31 490.28 490.24 490.21 490.16 490.12 490.07 490.02 489.97 489.92 489.86 489.80 489.74 489.68 489.61 489.55 489.48 489.41 489.34 489.27 489.19 489.12 489.04 488.96 488.88 488.80 488.72 488.63 488.55 488.46 488.37 488.28 488.19 488.28 488.37 488.46 488.55 488.63 488.72 488.80 488.88 488.96 489.04 489.12 489.19 489.27 489.34 489.41 489.48 489.55 489.61 489.68 489.74 489.80 489.86 489.92 489.97 490.02 490.07 490.12 490.16 490.21 490.24 490.28 490.31 490.34 490.37
489.79 489.78 489.76 489.73 489.70 489.67 489.63 489.59 489.55 489.50 489.45 489.40 489.35 489.29 489.23 489.17 489.11 489.05 488.98 488.91 488.84 488.77 488.70 488.62 488.55 488.47 488.39 488.31 488.22 488.14 488.05 487.96 487.87 487.78 487.69 487.60 487.51 487.60 487.69 487.78 487.87 487.96 488.05 488.14 488.22 488.31 488.39 488.47 488.55 488.62 488.70 488.77 488.84 488.91 488.98 489.05 489.11 489.17 489.23 489.29 489.35 489.40 489.45 489.50 489.55 489.59 489.63 489.67 489.70 489.73 489.76
489.19 489.18 489.16 489.13 489.10 489.07 489.03 488.99 488.94 488.90 488.85 488.79 488.74 488.68 488.62 488.56 488.49 488.43 488.36 488.29 488.22 488.14 488.07 487.99 487.91 487.83 487.74 487.66 487.57 487.49 487.40 487.31 487.22 487.12 487.03 486.93 486.83 486.93 487.03 487.12 487.22 487.31 487.40 487.49 487.57 487.66 487.74 487.83 487.91 487.99 488.07 488.14 488.22 488.29 488.36 488.43 488.49 488.56 488.62 488.68 488.74 488.79 488.85 488.90 488.94 488.99 489.03 489.07 489.10 489.13 489.16
488.61 488.59 488.57 488.55 488.52 488.48 488.44 488.40 488.35 488.30 488.25 488.19 488.14 488.08 488.02 487.95 487.89 487.82 487.75 487.67 487.60 487.52 487.44 487.36 487.28 487.20 487.11 487.03 486.94 486.85 486.76 486.66 486.57 486.47 486.38 486.28 486.18 486.28 486.38 486.47 486.57 486.66 486.76 486.85 486.94 487.03 487.11 487.20 487.28 487.36 487.44 487.52 487.60 487.67 487.75 487.82 487.89 487.95 488.02 488.08 488.14 488.19 488.25 488.30 488.35 488.40 488.44 488.48 488.52 488.55 488.57
488.03 488.02 488.00 487.97 487.94 487.90 487.86 487.82 487.77 487.72 487.66 487.61 487.55 487.49 487.42 487.36 487.29 487.22 487.15 487.07 486.99 486.92 486.84 486.75 486.67 486.58 486.50 486.41 486.32 486.22 486.13 486.03 485.93 485.84 485.74 485.63 485.53 485.63 485.74 485.84 485.93 486.03 486.13 486.22 486.32 486.41 486.50 486.58 486.67 486.75 486.84 486.92 486.99 487.07 487.15 487.22 487.29 487.36 487.42 487.49 487.55 487.61 487.66 487.72 487.77 487.82 487.86 487.90 487.94 487.97 488.00
487.47 487.45 487.43 487.40 487.37 487.33 487.29 487.25 487.20 487.14 487.09 487.03 486.97 486.91 486.84 486.77 486.70 486.63 486.56 486.48 486.40 486.32 486.24 486.15 486.07 485.98 485.89 485.80 485.70 485.61 485.51 485.41 485.31 485.21 485.11 485.00 484.90 485.00 485.11 485.21 485.31 485.41 485.51 485.61 485.70 485.80 485.89 485.98 486.07 486.15 486.24 486.32 486.40 486.48 486.56 486.63 486.70 486.77 486.84 486.91 486.97 487.03 487.09 487.14 487.20 487.25 487.29 487.33 487.37 487.40 487.43
486.91 486.90 486.88 486.85 486.81 486.77 486.73 486.69 486.64 486.58 486.53 486.47 486.40 486.34 486.27 486.20 486.13 486.06 485.98 485.90 485.82 485.74 485.65 485.57 485.48 485.39 485.29 485.20 485.10 485.01 484.91 484.81 484.70 484.60 484.49 484.38 484.28 484.38 484.49 484.60 484.70 484.81 484.91 485.01 485.10 485.20 485.29 485.39 485.48 485.57 485.65 485.74 485.82 485.90 485.98 486.06 486.13 486.20 486.27 486.34 486.40 486.47 486.53 486.58 486.64 486.69 486.73 486.77 486.81 486.85 486.88
486.37 486.35 486.33 486.30 486.27 486.23 486.18 486.14 486.08 486.03 485.97 485.91 485.85 485.78 485.71 485.64 485.57 485.49 485.41 485.33 485.25 485.16 485.08 484.99 484.90 484.80 484.71 484.61 484.52 484.42 484.31 484.21 484.10 484.00 483.89 483.78 483.67 483.78 483.89 484.00 484.10 484.21 484.31 484.42 484.52 484.61 484.71 484.80 484.90 484.99 485.08 485.16 485.25 485.33 485.41 485.49 485.57 485.64 485.71 485.78 485.85 485.91 485.97 486.03 486.08 486.14 486.18 486.23 486.27 486.30 486.33
485.83 485.82 485.80 485.77 485.73 485.69 485.65 485.60 485.54 485.49 485.43 485.37 485.30 485.23 485.16 485.09 485.02 484.94 484.86 484.77 484.69 484.60 484.51 484.42 484.33 484.23 484.14 484.04 483.94 483.84 483.73 483.63 483.52 483.41 483.30 483.18 483.07 483.18 483.30 483.41 483.52 483.63 483.73 483.84 483.94 484.04 484.14 484.23 484.33 484.42 484.51 484.60 484.69 484.77 484.86 484.94 485.02 485.09 485.16 485.23 485.30 485.37 485.43 485.49 485.54 485.60 485.65 485.69 485.73 485.77 485.80
485.31 485.30 485.27 485.24 485.21 485.17 485.12 485.07 485.02 484.96 484.90 484.83 484.77 484.70 484.63 484.55 484.47 484.39 484.31 484.23 484.14 484.05 483.96 483.87 483.77 483.68 483.58 483.48 483.37 483.27 483.16 483.05 482.94 482.83 482.72 482.60 482.49 482.60 482.72 482.83 482.94 483.05 483.16 483.27 483.37 483.48 483.58 483.68 483.77 483.87 483.96 484.05 484.14 484.23 484.31 484.39 484.47 484.55 484.63 484.70 484.77 484.83 484.90 484.96 485.02 485.07 485.12 485.17 485.21 485.24 485.27
484.80 484.79 484.76 484.73 484.69 484.65 484.60 484.55 484.50 484.44 484.38 484.31 484.24 484.17 484.10 484.02 483.94 483.86 483.78 483.69 483.60 483.51 483.42 483.33 483.23 483.13 483.03 482.93 482.82 482.71 482.60 482.49 482.38 482.27 482.15 482.03 481.91 482.03 482.15 482.27 482.38 482.49 482.60 482.71 482.82 482.93 483.03 483.13 483.23 483.33 483.42 483.51 483.60 483.69 483.78 483.86 483.94 484.02 484.10 484.17 484.24 484.31 484.38 484.44 484.50 484.55 484.60 484.65 484.69 484.73 484.76
484.30 484.28 484.26 484.23 484.19 484.15 484.10 484.05 483.99 483.93 483.87 483.80 483.73 483.66 483.58 483.51 483.43 483.34 483.26 483.17 483.08 482.99 482.89 482.79 482.69 482.59 482.49 482.38 482.28 482.17 482.06 481.94 481.83 481.71 481.59 481.47 481.35 481.47 481.59 481.71 481.83 481.94 482.06 482.17 482.28 482.38 482.49 482.59 482.69 482.79 482.89 482.99 483.08 483.17 483.26 483.34 483.43 483.51 483.58 483.66 483.73 483.80 483.87 483.93 483.99 484.05 484.10 484.15 484.19 484.23 484.26
483.81 483.79 483.77 483.74 483.70 483.65 483.60 483.55 483.49 483.43 483.37 483.30 483.23 483.16 483.08 483.00 482.92 482.83 482.75 482.66 482.56 482.47 482.37 482.27 482.17 482.07 481.96 481.86 481.75 481.64 481.52 481.41 481.29 481.17 481.05 480.93 480.80 480.93 481.05 481.17 481.29 481.41 481.52 481.64 481.75 481.86 481.96 482.07 482.17 482.27 482.37 482.47 482.56 482.66 482.75 482.83 482.92 483.00 483.08 483.16 483.23 483.30 483.37 483.43 483.49 483.55 483.60 483.65 483.70 483.74 483.77
483.33 483.31 483.29 483.25 483.21 483.17 483.12 483.06 483.01 482.94 482.88 482.81 482.74 482.66 482.58 482.50 482.42 482.33 482.24 482.15 482.06 481.96 481.86 481.76 481.66 481.56 481.45 481.34 481.23 481.11 481.00 480.88 480.76 480.64 480.52 480.39 480.27 480.39 480.52 480.64 480.76 480.88 481.00 481.11 481.23 481.34 481.45 481.56 481.66 481.76 481.86 481.96 482.06 482.15 482.24 482.33 482.42 482.50 482.58 482.66 482.74 482.81 482.88 482.94 483.01 483.06 483.12 483.17 483.21 483.25 483.29
482.86 482.84 482.82 482.78 482.74 482.70 482.65 482.59 482.53 482.47 482.40 482.33 482.26 482.18 482.10 482.02 481.93 481.85 481.76 481.66 481.57 481.47 481.37 481.27 481.16 481.05 480.94 480.83 480.72 480.60 480.49 480.37 480.24 480.12 480.00 479.87 479.74 479.87 480.00 480.12 480.24 480.37 480.49 480.60 480.72 480.83 480.94 481.05 481.16 481.27 481.37 481.47 481.57 481.66 481.76 481.85 481.93 482.02 482.10 482.18 482.26 482.33 482.40 482.47 482.53 482.59 482.65 482.70 482.74 482.78 482.82
482.40 482.38 482.36 482.32 482.28 482.23 482.18 482.13 482.07 482.00 481.93 481.86 481.79 481.71 481.63 481.55 481.46 481.37 481.28 481.18 481.08 480.98 480.88 480.78 480.67 480.56 480.45 480.34 480.22 480.10 479.98 479.86 479.74 479.61 479.49 479.36 479.23 479.36 479.49 479.61 479.74 479.86 479.98 480.10 480.22 480.34 480.45 480.56 480.67 480.78 480.88 480.98 481.08 481.18 481.28 481.37 481.46 481.55 481.63 481.71 481.79 481.86 481.93 482.00 482.07 482.13 482.18 482.23 482.28 482.32 482.36
481.95 481.94 481.91 481.87 481.83 481.78 481.73 481.67 481.61 481.55 481.48 481.40 481.33 481.25 481.17 481.08 480.99 480.90 480.81 480.71 480.61 480.51 480.41 480.30 480.19 480.08 479.97 479.85 479.74 479.62 479.49 479.37 479.25 479.12 478.99 478.86 478.72 478.86 478.99 479.12 479.25 479.37 479.49 479.62 479.74 479.85 479.97 480.08 480.19 480.30 480.41 480.51 480.61 480.71 480.81 480.90 480.99 481.08 481.17 481.25 481.33 481.40 481.48 481.55 481.61 481.67 481.73 481.78 481.83 481.87 481.91
481.51 481.50 481.47 481.43 481.39 481.34 481.29 481.23 481.17 481.10 481.03 480.96 480.88 480.80 480.72 480.63 480.54 480.45 480.35 480.25 480.15 480.05 479.94 479.84 479.73 479.61 479.50 479.38 479.26 479.14 479.02 478.89 478.76 478.63 478.50 478.37 478.23 478.37 478.50 478.63 478.76 478.89 479.02 479.14 479.26 479.38 479.50 479.61 479.73 479.84 479.94 480.05 480.15 480.25 480.35 480.45 480.54 480.63 480.72 480.80 480.88 480.96 481.03 481.10 481.17 481.23 481.29 481.34 481.39 481.43 481.47
481.08 481.07 481.04 481.00 480.96 480.91 480.86 480.80 480.74 480.67 480.60 480.52 480.44 480.36 480.28 480.19 480.10 480.00 479.91 479.81 479.70 479.60 479.49 479.38 479.27 479.16 479.04 478.92 478.80 478.67 478.55 478.42 478.29 478.16 478.02 477.89 477.75 477.89 478.02 478.16 478.29 478.42 478.55 478.67 478.80 478.92 479.04 479.16 479.27 479.38 479.49 479.60 479.70 479.81 479.91 480.00 480.10 480.19 480.28 480.36 480.44 480.52 480.60 480.67 480.74 480.80 480.86 480.91 480.96 481.00 481.04
