data/virtual_blocks/convex_divergent.asc
NCOLS 72
NROWS 72
XLLCORNER 1506552
YLLCORNER 5533496
CELLSIZE 4
NODATA_VALUE -9999
[rows 32 to 63 of 72, columns 0 to 70 of 72]
492.78 492.79 492.82 492.86 492.90 492.95 493.01 493.07 493.13 493.20 493.27 493.35 493.43 493.51 493.60 493.69 493.78 493.87 493.97 494.07 494.18 494.28 494.39 494.51 494.62 494.74 494.85 494.98 495.10 495.22 495.35 495.48 495.61 495.75 495.88 496.02 496.16 496.02 495.88 495.75 495.61 495.48 495.35 495.22 495.10 494.98 494.85 494.74 494.62 494.51 494.39 494.28 494.18 494.07 493.97 493.87 493.78 493.69 493.60 493.51 493.43 493.35 493.27 493.20 493.13 493.07 493.01 492.95 492.90 492.86 492.82
492.52 492.53 492.56 492.60 492.64 492.69 492.75 492.81 492.88 492.95 493.02 493.10 493.18 493.26 493.35 493.44 493.53 493.63 493.73 493.83 493.94 494.05 494.16 494.27 494.39 494.50 494.63 494.75 494.87 495.00 495.13 495.26 495.40 495.53 495.67 495.81 495.95 495.81 495.67 495.53 495.40 495.26 495.13 495.00 494.87 494.75 494.63 494.50 494.39 494.27 494.16 494.05 493.94 493.83 493.73 493.63 493.53 493.44 493.35 493.26 493.18 493.10 493.02 492.95 492.88 492.81 492.75 492.69 492.64 492.60 492.56
492.25 492.27 492.30 492.34 492.38 492.43 492.49 492.55 492.62 492.69 492.76 492.84 492.92 493.01 493.10 493.19 493.29 493.38 493.49 493.59 493.70 493.81 493.92 494.03 494.15 494.27 494.39 494.52 494.64 494.77 494.91 495.04 495.17 495.31 495.45 495.60 495.74 495.60 495.45 495.31 495.17 495.04 494.91 494.77 494.64 494.52 494.39 494.27 494.15 494.03 493.92 493.81 493.70 493.59 493.49 493.38 493.29 493.19 493.10 493.01 492.92 492.84 492.76 492.69 492.62 492.55 492.49 492.43 492.38 492.34 492.30
491.99 492.00 492.03 492.07 492.12 492.17 492.23 492.29 492.36 492.43 492.50 492.58 492.67 492.75 492.84 492.94 493.03 493.13 493.24 493.34 493.45 493.56 493.68 493.79 493.91 494.03 494.16 494.28 494.41 494.54 494.68 494.81 494.95 495.09 495.23 495.38 495.52 495.38 495.23 495.09 494.95 494.81 494.68 494.54 494.41 494.28 494.16 494.03 493.91 493.79 493.68 493.56 493.45 493.34 493.24 493.13 493.03 492.94 492.84 492.75 492.67 492.58 492.50 492.43 492.36 492.29 492.23 492.17 492.12 492.07 492.03
491.72 491.73 491.76 491.80 491.85 491.90 491.96 492.02 492.09 492.16 492.24 492.32 492.41 492.49 492.59 492.68 492.78 492.88 492.98 493.09 493.20 493.31 493.43 493.55 493.67 493.79 493.92 494.04 494.17 494.31 494.44 494.58 494.72 494.86 495.01 495.15 495.30 495.15 495.01 494.86 494.72 494.58 494.44 494.31 494.17 494.04 493.92 493.79 493.67 493.55 493.43 493.31 493.20 493.09 492.98 492.88 492.78 492.68 492.59 492.49 492.41 492.32 492.24 492.16 492.09 492.02 491.96 491.90 491.85 491.80 491.76
491.44 491.46 491.49 491.53 491.58 491.63 491.69 491.75 491.82 491.90 491.97 492.05 492.14 492.23 492.32 492.42 492.52 492.62 492.73 492.83 492.95 493.06 493.18 493.30 493.42 493.54 493.67 493.80 493.93 494.07 494.20 494.34 494.49 494.63 494.78 494.92 495.07 494.92 494.78 494.63 494.49 494.34 494.20 494.07 493.93 493.80 493.67 493.54 493.42 493.30 493.18 493.06 492.95 492.83 492.73 492.62 492.52 492.42 492.32 492.23 492.14 492.05 491.97 491.90 491.82 491.75 491.69 491.63 491.58 491.53 491.49
491.16 491.18 491.21 491.25 491.30 491.35 491.41 491.48 491.55 491.62 491.70 491.78 491.87 491.96 492.06 492.15 492.25 492.36 492.46 492.57 492.69 492.80 492.92 493.04 493.17 493.29 493.42 493.55 493.69 493.82 493.96 494.10 494.25 494.39 494.54 494.69 494.84 494.69 494.54 494.39 494.25 494.10 493.96 493.82 493.69 493.55 493.42 493.29 493.17 493.04 492.92 492.80 492.69 492.57 492.46 492.36 492.25 492.15 492.06 491.96 491.87 491.78 491.70 491.62 491.55 491.48 491.41 491.35 491.30 491.25 491.21
490.88 490.90 490.93 490.97 491.02 491.07 491.13 491.20 491.27 491.35 491.43 491.51 491.60 491.69 491.78 491.88 491.98 492.09 492.20 492.31 492.42 492.54 492.66 492.78 492.91 493.04 493.17 493.30 493.44 493.57 493.72 493.86 494.00 494.15 494.30 494.45 494.61 494.45 494.30 494.15 494.00 493.86 493.72 493.57 493.44 493.30 493.17 493.04 492.91 492.78 492.66 492.54 492.42 492.31 492.20 492.09 491.98 491.88 491.78 491.69 491.60 491.51 491.43 491.35 491.27 491.20 491.13 491.07 491.02 490.97 490.93
490.59 490.61 490.64 490.68 490.73 490.79 490.85 490.92 490.99 491.06 491.15 491.23 491.32 491.41 491.51 491.61 491.71 491.82 491.93 492.04 492.16 492.27 492.40 492.52 492.65 492.78 492.91 493.04 493.18 493.32 493.46 493.61 493.75 493.90 494.06 494.21 494.37 494.21 494.06 493.90 493.75 493.61 493.46 493.32 493.18 493.04 492.91 492.78 492.65 492.52 492.40 492.27 492.16 492.04 491.93 491.82 491.71 491.61 491.51 491.41 491.32 491.23 491.15 491.06 490.99 490.92 490.85 490.79 490.73 490.68 490.64
490.30 490.32 490.35 490.39 490.44 490.50 490.56 490.63 490.70 490.78 490.86 490.95 491.04 491.13 491.23 491.33 491.43 491.54 491.65 491.77 491.88 492.00 492.13 492.25 492.38 492.51 492.64 492.78 492.92 493.06 493.21 493.35 493.50 493.65 493.81 493.96 494.12 493.96 493.81 493.65 493.50 493.35 493.21 493.06 492.92 492.78 492.64 492.51 492.38 492.25 492.13 492.00 491.88 491.77 491.65 491.54 491.43 491.33 491.23 491.13 491.04 490.95 490.86 490.78 490.70 490.63 490.56 490.50 490.44 490.39 490.35
490.00 490.02 490.05 490.10 490.15 490.20 490.27 490.34 490.41 490.49 490.57 490.66 490.75 490.84 490.94 491.04 491.15 491.26 491.37 491.49 491.60 491.73 491.85 491.98 492.11 492.24 492.38 492.51 492.65 492.80 492.94 493.09 493.24 493.40 493.55 493.71 493.87 493.71 493.55 493.40 493.24 493.09 492.94 492.80 492.65 492.51 492.38 492.24 492.11 491.98 491.85 491.73 491.60 491.49 491.37 491.26 491.15 491.04 490.94 490.84 490.75 490.66 490.57 490.49 490.41 490.34 490.27 490.20 490.15 490.10 490.05
489.70 489.72 489.75 489.80 489.85 489.90 489.97 490.04 490.11 490.19 490.27 490.36 490.45 490.55 490.65 490.75 490.86 490.97 491.08 491.20 491.32 491.44 491.57 491.70 491.83 491.96 492.10 492.24 492.38 492.53 492.68 492.83 492.98 493.13 493.29 493.45 493.61 493.45 493.29 493.13 492.98 492.83 492.68 492.53 492.38 492.24 492.10 491.96 491.83 491.70 491.57 491.44 491.32 491.20 491.08 490.97 490.86 490.75 490.65 490.55 490.45 490.36 490.27 490.19 490.11 490.04 489.97 489.90 489.85 489.80 489.75
489.39 489.41 489.45 489.49 489.54 489.60 489.66 489.73 489.81 489.89 489.97 490.06 490.16 490.25 490.35 490.46 490.57 490.68 490.79 490.91 491.03 491.16 491.28 491.41 491.55 491.68 491.82 491.96 492.11 492.25 492.40 492.55 492.71 492.86 493.02 493.18 493.35 493.18 493.02 492.86 492.71 492.55 492.40 492.25 492.11 491.96 491.82 491.68 491.55 491.41 491.28 491.16 491.03 490.91 490.79 490.68 490.57 490.46 490.35 490.25 490.16 490.06 489.97 489.89 489.81 489.73 489.66 489.60 489.54 489.49 489.45
489.08 489.10 489.13 489.18 489.23 489.29 489.35 489.42 489.50 489.58 489.67 489.76 489.85 489.95 490.05 490.16 490.27 490.38 490.49 490.61 490.74 490.86 490.99 491.12 491.26 491.39 491.53 491.68 491.82 491.97 492.12 492.27 492.43 492.59 492.75 492.91 493.08 492.91 492.75 492.59 492.43 492.27 492.12 491.97 491.82 491.68 491.53 491.39 491.26 491.12 490.99 490.86 490.74 490.61 490.49 490.38 490.27 490.16 490.05 489.95 489.85 489.76 489.67 489.58 489.50 489.42 489.35 489.29 489.23 489.18 489.13
488.76 488.78 488.81 488.86 488.91 488.97 489.04 489.11 489.19 489.27 489.35 489.44 489.54 489.64 489.74 489.85 489.96 490.07 490.19 490.31 490.43 490.56 490.69 490.82 490.96 491.10 491.24 491.39 491.53 491.68 491.84 491.99 492.15 492.31 492.47 492.63 492.80 492.63 492.47 492.31 492.15 491.99 491.84 491.68 491.53 491.39 491.24 491.10 490.96 490.82 490.69 490.56 490.43 490.31 490.19 490.07 489.96 489.85 489.74 489.64 489.54 489.44 489.35 489.27 489.19 489.11 489.04 488.97 488.91 488.86 488.81
488.44 488.46 488.49 488.53 488.59 488.65 488.71 488.79 488.86 488.95 489.03 489.13 489.22 489.32 489.43 489.53 489.65 489.76 489.88 490.00 490.13 490.26 490.39 490.52 490.66 490.80 490.94 491.09 491.24 491.39 491.54 491.70 491.86 492.02 492.18 492.35 492.52 492.35 492.18 492.02 491.86 491.70 491.54 491.39 491.24 491.09 490.94 490.80 490.66 490.52 490.39 490.26 490.13 490.00 489.88 489.76 489.65 489.53 489.43 489.32 489.22 489.13 489.03 488.95 488.86 488.79 488.71 488.65 488.59 488.53 488.49
488.10 488.12 488.16 488.20 488.26 488.32 488.38 488.46 488.54 488.62 488.71 488.80 488.90 489.00 489.10 489.21 489.33 489.44 489.56 489.69 489.81 489.94 490.07 490.21 490.35 490.49 490.64 490.78 490.93 491.09 491.24 491.40 491.56 491.72 491.89 492.06 492.23 492.06 491.89 491.72 491.56 491.40 491.24 491.09 490.93 490.78 490.64 490.49 490.35 490.21 490.07 489.94 489.81 489.69 489.56 489.44 489.33 489.21 489.10 489.00 488.90 488.80 488.71 488.62 488.54 488.46 488.38 488.32 488.26 488.20 488.16
487.76 487.78 487.82 487.86 487.92 487.98 488.05 488.12 488.20 488.28 488.37 488.47 488.57 488.67 488.77 488.88 489.00 489.12 489.24 489.36 489.49 489.62 489.75 489.89 490.03 490.18 490.32 490.47 490.62 490.78 490.93 491.09 491.26 491.42 491.59 491.76 491.93 491.76 491.59 491.42 491.26 491.09 490.93 490.78 490.62 490.47 490.32 490.18 490.03 489.89 489.75 489.62 489.49 489.36 489.24 489.12 489.00 488.88 488.77 488.67 488.57 488.47 488.37 488.28 488.20 488.12 488.05 487.98 487.92 487.86 487.82
487.42 487.44 487.47 487.52 487.57 487.63 487.70 487.78 487.86 487.94 488.03 488.13 488.23 488.33 488.44 488.55 488.66 488.78 488.90 489.03 489.16 489.29 489.43 489.57 489.71 489.85 490.00 490.15 490.30 490.46 490.62 490.78 490.94 491.11 491.28 491.45 491.62 491.45 491.28 491.11 490.94 490.78 490.62 490.46 490.30 490.15 490.00 489.85 489.71 489.57 489.43 489.29 489.16 489.03 488.90 488.78 488.66 488.55 488.44 488.33 488.23 488.13 488.03 487.94 487.86 487.78 487.70 487.63 487.57 487.52 487.47
487.06 487.08 487.12 487.16 487.22 487.28 487.35 487.42 487.51 487.59 487.68 487.78 487.88 487.98 488.09 488.20 488.32 488.44 488.56 488.69 488.82 488.95 489.09 489.23 489.37 489.52 489.67 489.82 489.97 490.13 490.29 490.46 490.62 490.79 490.96 491.13 491.31 491.13 490.96 490.79 490.62 490.46 490.29 490.13 489.97 489.82 489.67 489.52 489.37 489.23 489.09 488.95 488.82 488.69 488.56 488.44 488.32 488.20 488.09 487.98 487.88 487.78 487.68 487.59 487.51 487.42 487.35 487.28 487.22 487.16 487.12
486.69 486.71 486.75 486.80 486.85 486.92 486.99 487.06 487.14 487.23 487.32 487.42 487.52 487.63 487.74 487.85 487.97 488.09 488.21 488.34 488.47 488.61 488.74 488.89 489.03 489.18 489.33 489.48 489.64 489.80 489.96 490.12 490.29 490.46 490.63 490.81 490.98 490.81 490.63 490.46 490.29 490.12 489.96 489.80 489.64 489.48 489.33 489.18 489.03 488.89 488.74 488.61 488.47 488.34 488.21 488.09 487.97 487.85 487.74 487.63 487.52 487.42 487.32 487.23 487.14 487.06 486.99 486.92 486.85 486.80 486.75
486.32 486.34 486.38 486.42 486.48 486.54 486.61 486.69 486.77 486.86 486.95 487.05 487.15 487.26 487.37 487.48 487.60 487.73 487.85 487.98 488.11 488.25 488.39 488.53 488.68 488.83 488.98 489.13 489.29 489.45 489.61 489.78 489.95 490.12 490.29 490.47 490.65 490.47 490.29 490.12 489.95 489.78 489.61 489.45 489.29 489.13 488.98 488.83 488.68 488.53 488.39 488.25 488.11 487.98 487.85 487.73 487.60 487.48 487.37 487.26 487.15 487.05 486.95 486.86 486.77 486.69 486.61 486.54 486.48 486.42 486.38
485.93 485.95 485.99 486.04 486.10 486.16 486.23 486.31 486.39 486.48 486.57 486.67 486.78 486.88 486.99 487.11 487.23 487.35 487.48 487.61 487.74 487.88 488.02 488.17 488.31 488.46 488.62 488.77 488.93 489.09 489.26 489.43 489.60 489.77 489.95 490.12 490.30 490.12 489.95 489.77 489.60 489.43 489.26 489.09 488.93 488.77 488.62 488.46 488.31 488.17 488.02 487.88 487.74 487.61 487.48 487.35 487.23 487.11 486.99 486.88 486.78 486.67 486.57 486.48 486.39 486.31 486.23 486.16 486.10 486.04 485.99
485.54 485.56 485.60 485.64 485.70 485.77 485.84 485.92 486.00 486.09 486.18 486.28 486.39 486.49 486.61 486.72 486.84 486.97 487.10 487.23 487.36 487.50 487.64 487.79 487.94 488.09 488.24 488.40 488.56 488.73 488.89 489.06 489.23 489.41 489.58 489.76 489.95 489.76 489.58 489.41 489.23 489.06 488.89 488.73 488.56 488.40 488.24 488.09 487.94 487.79 487.64 487.50 487.36 487.23 487.10 486.97 486.84 486.72 486.61 486.49 486.39 486.28 486.18 486.09 486.00 485.92 485.84 485.77 485.70 485.64 485.60
485.13 485.15 485.19 485.24 485.29 485.36 485.43 485.51 485.59 485.68 485.78 485.88 485.98 486.09 486.21 486.32 486.45 486.57 486.70 486.83 486.97 487.11 487.25 487.40 487.55 487.70 487.86 488.02 488.18 488.34 488.51 488.68 488.86 489.03 489.21 489.39 489.58 489.39 489.21 489.03 488.86 488.68 488.51 488.34 488.18 488.02 487.86 487.70 487.55 487.40 487.25 487.11 486.97 486.83 486.70 486.57 486.45 486.32 486.21 486.09 485.98 485.88 485.78 485.68 485.59 485.51 485.43 485.36 485.29 485.24 485.19
484.70 484.73 484.76 484.81 484.87 484.94 485.01 485.09 485.17 485.27 485.36 485.46 485.57 485.68 485.79 485.91 486.03 486.16 486.29 486.43 486.56 486.70 486.85 487.00 487.15 487.30 487.46 487.62 487.78 487.95 488.12 488.29 488.47 488.64 488.82 489.01 489.19 489.01 488.82 488.64 488.47 488.29 488.12 487.95 487.78 487.62 487.46 487.30 487.15 487.00 486.85 486.70 486.56 486.43 486.29 486.16 486.03 485.91 485.79 485.68 485.57 485.46 485.36 485.27 485.17 485.09 485.01 484.94 484.87 484.81 484.76
484.27 484.29 484.33 484.37 484.43 484.50 484.57 484.65 484.74 484.83 484.93 485.03 485.14 485.25 485.36 485.48 485.61 485.73 485.87 486.00 486.14 486.28 486.43 486.58 486.73 486.89 487.04 487.21 487.37 487.54 487.71 487.88 488.06 488.24 488.42 488.60 488.79 488.60 488.42 488.24 488.06 487.88 487.71 487.54 487.37 487.21 487.04 486.89 486.73 486.58 486.43 486.28 486.14 486.00 485.87 485.73 485.61 485.48 485.36 485.25 485.14 485.03 484.93 484.83 484.74 484.65 484.57 484.50 484.43 484.37 484.33
483.81 483.83 483.87 483.92 483.98 484.05 484.12 484.20 484.29 484.38 484.48 484.58 484.69 484.80 484.92 485.04 485.16 485.29 485.42 485.56 485.70 485.84 485.99 486.14 486.29 486.45 486.61 486.77 486.94 487.11 487.28 487.46 487.63 487.82 488.00 488.19 488.37 488.19 488.00 487.82 487.63 487.46 487.28 487.11 486.94 486.77 486.61 486.45 486.29 486.14 485.99 485.84 485.70 485.56 485.42 485.29 485.16 485.04 484.92 484.80 484.69 484.58 484.48 484.38 484.29 484.20 484.12 484.05 483.98 483.92 483.87
483.33 483.36 483.39 483.44 483.50 483.57 483.65 483.73 483.82 483.91 484.01 484.11 484.22 484.33 484.45 484.57 484.70 484.83 484.96 485.10 485.24 485.38 485.53 485.68 485.84 486.00 486.16 486.32 486.49 486.66 486.84 487.01 487.19 487.37 487.56 487.75 487.94 487.75 487.56 487.37 487.19 487.01 486.84 486.66 486.49 486.32 486.16 486.00 485.84 485.68 485.53 485.38 485.24 485.10 484.96 484.83 484.70 484.57 484.45 484.33 484.22 484.11 484.01 483.91 483.82 483.73 483.65 483.57 483.50 483.44 483.39
482.84 482.86 482.90 482.95 483.01 483.08 483.15 483.23 483.32 483.42 483.52 483.62 483.73 483.84 483.96 484.08 484.21 484.34 484.48 484.62 484.76 484.90 485.05 485.21 485.36 485.52 485.68 485.85 486.02 486.19 486.37 486.54 486.72 486.91 487.10 487.28 487.48 487.28 487.10 486.91 486.72 486.54 486.37 486.19 486.02 485.85 485.68 485.52 485.36 485.21 485.05 484.90 484.76 484.62 484.48 484.34 484.21 484.08 483.96 483.84 483.73 483.62 483.52 483.42 483.32 483.23 483.15 483.08 483.01 482.95 482.90
482.31 482.33 482.37 482.43 482.49 482.56 482.63 482.71 482.80 482.90 483.00 483.10 483.21 483.33 483.45 483.57 483.70 483.83 483.97 484.11 484.25 484.40 484.55 484.70 484.86 485.02 485.18 485.35 485.52 485.69 485.87 486.05 486.23 486.42 486.61 486.80 486.99 486.80 486.61 486.42 486.23 486.05 485.87 485.69 485.52 485.35 485.18 485.02 484.86 484.70 484.55 484.40 484.25 484.11 483.97 483.83 483.70 483.57 483.45 483.33 483.21 483.10 483.00 482.90 482.80 482.71 482.63 482.56 482.49 482.43 482.37
481.76 481.78 481.82 481.87 481.93 482.00 482.08 482.16 482.25 482.35 482.45 482.56 482.67 482.78 482.90 483.03 483.16 483.29 483.43 483.57 483.71 483.86 484.01 484.17 484.33 484.49 484.65 484.82 484.99 485.17 485.35 485.53 485.71 485.90 486.09 486.28 486.47 486.28 486.09 485.90 485.71 485.53 485.35 485.17 484.99 484.82 484.65 484.49 484.33 484.17 484.01 483.86 483.71 483.57 483.43 483.29 483.16 483.03 482.90 482.78 482.67 482.56 482.45 482.35 482.25 482.16 482.08 482.00 481.93 481.87 481.82
