data/virtual_blocks/convex_convergent.asc
NCOLS 72
NROWS 72
XLLCORNER 1506552
YLLCORNER 5533496
CELLSIZE 4
NODATA_VALUE -9999
[rows 0 to 31 of 72, columns 0 to 70 of 72]
499.81 499.81 499.80 499.80 499.79 499.78 499.77 499.76 499.75 499.74 499.72 499.71 499.70 499.68 499.67 499.65 499.63 499.62 499.60 499.58 499.57 499.55 499.53 499.51 499.49 499.47 499.45 499.43 499.41 499.38 499.36 499.34 499.32 499.29 499.27 499.24 499.22 499.24 499.27 499.29 499.32 499.34 499.36 499.38 499.41 499.43 499.45 499.47 499.49 499.51 499.53 499.55 499.57 499.58 499.60 499.62 499.63 499.65 499.67 499.68 499.70 499.71 499.72 499.74 499.75 499.76 499.77 499.78 499.79 499.80 499.80
499.62 499.61 499.61 499.60 499.59 499.57 499.56 499.55 499.53 499.51 499.50 499.48 499.46 499.44 499.42 499.39 499.37 499.35 499.32 499.30 499.27 499.25 499.22 499.19 499.16 499.14 499.11 499.08 499.05 499.01 498.98 498.95 498.92 498.89 498.85 498.82 498.78 498.82 498.85 498.89 498.92 498.95 498.98 499.01 499.05 499.08 499.11 499.14 499.16 499.19 499.22 499.25 499.27 499.30 499.32 499.35 499.37 499.39 499.42 499.44 499.46 499.48 499.50 499.51 499.53 499.55 499.56 499.57 499.59 499.60 499.61
499.42 499.42 499.41 499.40 499.39 499.37 499.35 499.34 499.32 499.30 499.27 499.25 499.23 499.20 499.18 499.15 499.12 499.09 499.06 499.03 499.00 498.97 498.94 498.90 498.87 498.83 498.80 498.76 498.72 498.69 498.65 498.61 498.57 498.53 498.49 498.45 498.40 498.45 498.49 498.53 498.57 498.61 498.65 498.69 498.72 498.76 498.80 498.83 498.87 498.90 498.94 498.97 499.00 499.03 499.06 499.09 499.12 499.15 499.18 499.20 499.23 499.25 499.27 499.30 499.32 499.34 499.35 499.37 499.39 499.40 499.41
499.23 499.22 499.21 499.20 499.19 499.17 499.15 499.13 499.11 499.08 499.06 499.03 499.00 498.97 498.94 498.91 498.88 498.85 498.81 498.78 498.74 498.70 498.67 498.63 498.59 498.55 498.51 498.46 498.42 498.38 498.33 498.29 498.24 498.19 498.15 498.10 498.05 498.10 498.15 498.19 498.24 498.29 498.33 498.38 498.42 498.46 498.51 498.55 498.59 498.63 498.67 498.70 498.74 498.78 498.81 498.85 498.88 498.91 498.94 498.97 499.00 499.03 499.06 499.08 499.11 499.13 499.15 499.17 499.19 499.20 499.21
499.03 499.03 499.02 499.00 498.98 498.96 498.94 498.92 498.89 498.87 498.84 498.81 498.78 498.75 498.71 498.68 498.64 498.61 498.57 498.53 498.49 498.45 498.40 498.36 498.32 498.27 498.22 498.18 498.13 498.08 498.03 497.98 497.93 497.88 497.82 497.77 497.72 497.77 497.82 497.88 497.93 497.98 498.03 498.08 498.13 498.18 498.22 498.27 498.32 498.36 498.40 498.45 498.49 498.53 498.57 498.61 498.64 498.68 498.71 498.75 498.78 498.81 498.84 498.87 498.89 498.92 498.94 498.96 498.98 499.00 499.02
498.84 498.83 498.82 498.80 498.78 498.76 498.74 498.71 498.68 498.65 498.62 498.59 498.56 498.52 498.49 498.45 498.41 498.37 498.32 498.28 498.24 498.19 498.15 498.10 498.05 498.00 497.95 497.90 497.85 497.79 497.74 497.68 497.63 497.57 497.51 497.45 497.39 497.45 497.51 497.57 497.63 497.68 497.74 497.79 497.85 497.90 497.95 498.00 498.05 498.10 498.15 498.19 498.24 498.28 498.32 498.37 498.41 498.45 498.49 498.52 498.56 498.59 498.62 498.65 498.68 498.71 498.74 498.76 498.78 498.80 498.82
498.64 498.63 498.62 498.60 498.58 498.56 498.53 498.50 498.47 498.44 498.41 498.37 498.34 498.30 498.26 498.22 498.17 498.13 498.08 498.04 497.99 497.94 497.89 497.84 497.79 497.73 497.68 497.62 497.57 497.51 497.45 497.39 497.33 497.27 497.21 497.14 497.08 497.14 497.21 497.27 497.33 497.39 497.45 497.51 497.57 497.62 497.68 497.73 497.79 497.84 497.89 497.94 497.99 498.04 498.08 498.13 498.17 498.22 498.26 498.30 498.34 498.37 498.41 498.44 498.47 498.50 498.53 498.56 498.58 498.60 498.62
498.44 498.43 498.41 498.40 498.37 498.35 498.32 498.29 498.26 498.23 498.19 498.15 498.11 498.07 498.03 497.99 497.94 497.89 497.85 497.80 497.75 497.69 497.64 497.58 497.53 497.47 497.41 497.35 497.29 497.23 497.17 497.10 497.04 496.97 496.91 496.84 496.77 496.84 496.91 496.97 497.04 497.10 497.17 497.23 497.29 497.35 497.41 497.47 497.53 497.58 497.64 497.69 497.75 497.80 497.85 497.89 497.94 497.99 498.03 498.07 498.11 498.15 498.19 498.23 498.26 498.29 498.32 498.35 498.37 498.40 498.41
498.23 498.22 498.21 498.19 498.17 498.14 498.11 498.08 498.05 498.01 497.97 497.93 497.89 497.85 497.80 497.76 497.71 497.66 497.61 497.56 497.50 497.45 497.39 497.33 497.27 497.21 497.15 497.08 497.02 496.95 496.89 496.82 496.75 496.68 496.61 496.54 496.47 496.54 496.61 496.68 496.75 496.82 496.89 496.95 497.02 497.08 497.15 497.21 497.27 497.33 497.39 497.45 497.50 497.56 497.61 497.66 497.71 497.76 497.80 497.85 497.89 497.93 497.97 498.01 498.05 498.08 498.11 498.14 498.17 498.19 498.21
498.03 498.02 498.00 497.98 497.96 497.93 497.90 497.87 497.83 497.80 497.76 497.71 497.67 497.62 497.58 497.53 497.48 497.42 497.37 497.31 497.26 497.20 497.14 497.08 497.01 496.95 496.89 496.82 496.75 496.68 496.61 496.54 496.47 496.39 496.32 496.24 496.17 496.24 496.32 496.39 496.47 496.54 496.61 496.68 496.75 496.82 496.89 496.95 497.01 497.08 497.14 497.20 497.26 497.31 497.37 497.42 497.48 497.53 497.58 497.62 497.67 497.71 497.76 497.80 497.83 497.87 497.90 497.93 497.96 497.98 498.00
497.82 497.81 497.80 497.78 497.75 497.72 497.69 497.66 497.62 497.58 497.54 497.49 497.45 497.40 497.35 497.30 497.24 497.19 497.13 497.07 497.01 496.95 496.89 496.83 496.76 496.69 496.62 496.55 496.48 496.41 496.34 496.26 496.19 496.11 496.03 495.95 495.87 495.95 496.03 496.11 496.19 496.26 496.34 496.41 496.48 496.55 496.62 496.69 496.76 496.83 496.89 496.95 497.01 497.07 497.13 497.19 497.24 497.30 497.35 497.40 497.45 497.49 497.54 497.58 497.62 497.66 497.69 497.72 497.75 497.78 497.80
497.62 497.61 497.59 497.57 497.54 497.51 497.48 497.44 497.40 497.36 497.32 497.27 497.22 497.17 497.12 497.07 497.01 496.95 496.89 496.83 496.77 496.71 496.64 496.57 496.51 496.43 496.36 496.29 496.22 496.14 496.06 495.99 495.91 495.82 495.74 495.66 495.57 495.66 495.74 495.82 495.91 495.99 496.06 496.14 496.22 496.29 496.36 496.43 496.51 496.57 496.64 496.71 496.77 496.83 496.89 496.95 497.01 497.07 497.12 497.17 497.22 497.27 497.32 497.36 497.40 497.44 497.48 497.51 497.54 497.57 497.59
497.41 497.40 497.38 497.36 497.33 497.30 497.26 497.22 497.18 497.14 497.10 497.05 497.00 496.95 496.89 496.84 496.78 496.72 496.66 496.59 496.53 496.46 496.39 496.32 496.25 496.18 496.10 496.03 495.95 495.87 495.79 495.71 495.63 495.54 495.46 495.37 495.28 495.37 495.46 495.54 495.63 495.71 495.79 495.87 495.95 496.03 496.10 496.18 496.25 496.32 496.39 496.46 496.53 496.59 496.66 496.72 496.78 496.84 496.89 496.95 497.00 497.05 497.10 497.14 497.18 497.22 497.26 497.30 497.33 497.36 497.38
497.20 497.19 497.17 497.14 497.11 497.08 497.05 497.01 496.97 496.92 496.87 496.82 496.77 496.72 496.66 496.60 496.54 496.48 496.42 496.35 496.28 496.21 496.14 496.07 496.00 495.92 495.84 495.76 495.68 495.60 495.52 495.43 495.35 495.26 495.17 495.08 494.99 495.08 495.17 495.26 495.35 495.43 495.52 495.60 495.68 495.76 495.84 495.92 496.00 496.07 496.14 496.21 496.28 496.35 496.42 496.48 496.54 496.60 496.66 496.72 496.77 496.82 496.87 496.92 496.97 497.01 497.05 497.08 497.11 497.14 497.17
496.98 496.97 496.95 496.93 496.90 496.87 496.83 496.79 496.74 496.70 496.65 496.60 496.54 496.49 496.43 496.37 496.31 496.24 496.18 496.11 496.04 495.97 495.89 495.82 495.74 495.66 495.58 495.50 495.42 495.33 495.25 495.16 495.07 494.98 494.89 494.80 494.70 494.80 494.89 494.98 495.07 495.16 495.25 495.33 495.42 495.50 495.58 495.66 495.74 495.82 495.89 495.97 496.04 496.11 496.18 496.24 496.31 496.37 496.43 496.49 496.54 496.60 496.65 496.70 496.74 496.79 496.83 496.87 496.90 496.93 496.95
496.77 496.76 496.74 496.71 496.68 496.65 496.61 496.57 496.52 496.47 496.42 496.37 496.32 496.26 496.20 496.14 496.07 496.00 495.94 495.87 495.79 495.72 495.64 495.57 495.49 495.41 495.32 495.24 495.15 495.07 494.98 494.89 494.79 494.70 494.61 494.51 494.41 494.51 494.61 494.70 494.79 494.89 494.98 495.07 495.15 495.24 495.32 495.41 495.49 495.57 495.64 495.72 495.79 495.87 495.94 496.00 496.07 496.14 496.20 496.26 496.32 496.37 496.42 496.47 496.52 496.57 496.61 496.65 496.68 496.71 496.74
496.55 496.54 496.52 496.49 496.46 496.43 496.39 496.34 496.30 496.25 496.20 496.14 496.09 496.03 495.96 495.90 495.83 495.76 495.69 495.62 495.55 495.47 495.39 495.31 495.23 495.15 495.06 494.97 494.89 494.80 494.70 494.61 494.52 494.42 494.32 494.22 494.12 494.22 494.32 494.42 494.52 494.61 494.70 494.80 494.89 494.97 495.06 495.15 495.23 495.31 495.39 495.47 495.55 495.62 495.69 495.76 495.83 495.90 495.96 496.03 496.09 496.14 496.20 496.25 496.30 496.34 496.39 496.43 496.46 496.49 496.52
496.33 496.32 496.30 496.27 496.24 496.21 496.16 496.12 496.07 496.02 495.97 495.91 495.85 495.79 495.73 495.66 495.59 495.52 495.45 495.38 495.30 495.22 495.14 495.06 494.97 494.89 494.80 494.71 494.62 494.53 494.43 494.34 494.24 494.14 494.04 493.94 493.83 493.94 494.04 494.14 494.24 494.34 494.43 494.53 494.62 494.71 494.80 494.89 494.97 495.06 495.14 495.22 495.30 495.38 495.45 495.52 495.59 495.66 495.73 495.79 495.85 495.91 495.97 496.02 496.07 496.12 496.16 496.21 496.24 496.27 496.30
496.11 496.10 496.08 496.05 496.02 495.98 495.94 495.89 495.84 495.79 495.74 495.68 495.62 495.56 495.49 495.42 495.35 495.28 495.21 495.13 495.05 494.97 494.89 494.80 494.72 494.63 494.54 494.45 494.35 494.26 494.16 494.06 493.96 493.86 493.76 493.65 493.55 493.65 493.76 493.86 493.96 494.06 494.16 494.26 494.35 494.45 494.54 494.63 494.72 494.80 494.89 494.97 495.05 495.13 495.21 495.28 495.35 495.42 495.49 495.56 495.62 495.68 495.74 495.79 495.84 495.89 495.94 495.98 496.02 496.05 496.08
495.89 495.88 495.86 495.83 495.79 495.76 495.71 495.67 495.62 495.56 495.51 495.45 495.38 495.32 495.25 495.18 495.11 495.04 494.96 494.88 494.80 494.72 494.63 494.55 494.46 494.37 494.27 494.18 494.08 493.99 493.89 493.79 493.68 493.58 493.47 493.37 493.26 493.37 493.47 493.58 493.68 493.79 493.89 493.99 494.08 494.18 494.27 494.37 494.46 494.55 494.63 494.72 494.80 494.88 494.96 495.04 495.11 495.18 495.25 495.32 495.38 495.45 495.51 495.56 495.62 495.67 495.71 495.76 495.79 495.83 495.86
495.67 495.65 495.63 495.60 495.57 495.53 495.48 495.44 495.38 495.33 495.27 495.21 495.15 495.08 495.01 494.94 494.87 494.79 494.71 494.63 494.55 494.46 494.38 494.29 494.20 494.10 494.01 493.91 493.81 493.71 493.61 493.51 493.40 493.30 493.19 493.08 492.97 493.08 493.19 493.30 493.40 493.51 493.61 493.71 493.81 493.91 494.01 494.10 494.20 494.29 494.38 494.46 494.55 494.63 494.71 494.79 494.87 494.94 495.01 495.08 495.15 495.21 495.27 495.33 495.38 495.44 495.48 495.53 495.57 495.60 495.63
495.44 495.43 495.40 495.37 495.34 495.30 495.25 495.20 495.15 495.09 495.04 494.97 494.91 494.84 494.77 494.70 494.62 494.54 494.46 494.38 494.30 494.21 494.12 494.03 493.94 493.84 493.74 493.64 493.54 493.44 493.34 493.23 493.12 493.01 492.90 492.79 492.68 492.79 492.90 493.01 493.12 493.23 493.34 493.44 493.54 493.64 493.74 493.84 493.94 494.03 494.12 494.21 494.30 494.38 494.46 494.54 494.62 494.70 494.77 494.84 494.91 494.97 495.04 495.09 495.15 495.20 495.25 495.30 495.34 495.37 495.40
495.21 495.20 495.17 495.14 495.11 495.06 495.02 494.97 494.91 494.86 494.80 494.73 494.67 494.60 494.53 494.45 494.37 494.29 494.21 494.13 494.04 493.95 493.86 493.77 493.67 493.58 493.48 493.38 493.27 493.17 493.06 492.95 492.84 492.73 492.62 492.50 492.38 492.50 492.62 492.73 492.84 492.95 493.06 493.17 493.27 493.38 493.48 493.58 493.67 493.77 493.86 493.95 494.04 494.13 494.21 494.29 494.37 494.45 494.53 494.60 494.67 494.73 494.80 494.86 494.91 494.97 495.02 495.06 495.11 495.14 495.17
494.98 494.97 494.94 494.91 494.87 494.83 494.78 494.73 494.68 494.62 494.56 494.49 494.42 494.35 494.28 494.20 494.12 494.04 493.96 493.87 493.78 493.69 493.60 493.51 493.41 493.31 493.21 493.10 493.00 492.89 492.78 492.67 492.56 492.45 492.33 492.21 492.09 492.21 492.33 492.45 492.56 492.67 492.78 492.89 493.00 493.10 493.21 493.31 493.41 493.51 493.60 493.69 493.78 493.87 493.96 494.04 494.12 494.20 494.28 494.35 494.42 494.49 494.56 494.62 494.68 494.73 494.78 494.83 494.87 494.91 494.94
494.75 494.73 494.71 494.67 494.64 494.59 494.54 494.49 494.44 494.38 494.31 494.25 494.18 494.11 494.03 493.95 493.87 493.79 493.70 493.62 493.53 493.43 493.34 493.24 493.14 493.04 492.94 492.83 492.72 492.62 492.50 492.39 492.28 492.16 492.04 491.92 491.80 491.92 492.04 492.16 492.28 492.39 492.50 492.62 492.72 492.83 492.94 493.04 493.14 493.24 493.34 493.43 493.53 493.62 493.70 493.79 493.87 493.95 494.03 494.11 494.18 494.25 494.31 494.38 494.44 494.49 494.54 494.59 494.64 494.67 494.71
494.51 494.50 494.47 494.44 494.40 494.35 494.30 494.25 494.19 494.13 494.07 494.00 493.93 493.86 493.78 493.70 493.62 493.53 493.45 493.36 493.26 493.17 493.07 492.97 492.87 492.77 492.66 492.56 492.45 492.34 492.22 492.11 491.99 491.87 491.75 491.63 491.50 491.63 491.75 491.87 491.99 492.11 492.22 492.34 492.45 492.56 492.66 492.77 492.87 492.97 493.07 493.17 493.26 493.36 493.45 493.53 493.62 493.70 493.78 493.86 493.93 494.00 494.07 494.13 494.19 494.25 494.30 494.35 494.40 494.44 494.47
494.27 494.26 494.23 494.20 494.16 494.11 494.06 494.01 493.95 493.89 493.82 493.75 493.68 493.61 493.53 493.45 493.36 493.28 493.19 493.10 493.00 492.91 492.81 492.71 492.60 492.50 492.39 492.28 492.17 492.06 491.94 491.82 491.70 491.58 491.46 491.33 491.21 491.33 491.46 491.58 491.70 491.82 491.94 492.06 492.17 492.28 492.39 492.50 492.60 492.71 492.81 492.91 493.00 493.10 493.19 493.28 493.36 493.45 493.53 493.61 493.68 493.75 493.82 493.89 493.95 494.01 494.06 494.11 494.16 494.20 494.23
494.03 494.01 493.99 493.95 493.91 493.87 493.82 493.76 493.70 493.64 493.57 493.50 493.43 493.35 493.27 493.19 493.10 493.02 492.93 492.83 492.74 492.64 492.54 492.44 492.33 492.22 492.11 492.00 491.89 491.77 491.66 491.54 491.42 491.29 491.17 491.04 490.91 491.04 491.17 491.29 491.42 491.54 491.66 491.77 491.89 492.00 492.11 492.22 492.33 492.44 492.54 492.64 492.74 492.83 492.93 493.02 493.10 493.19 493.27 493.35 493.43 493.50 493.57 493.64 493.70 493.76 493.82 493.87 493.91 493.95 493.99
493.78 493.77 493.74 493.71 493.67 493.62 493.57 493.51 493.45 493.39 493.32 493.25 493.17 493.10 493.01 492.93 492.84 492.75 492.66 492.57 492.47 492.37 492.27 492.16 492.06 491.95 491.84 491.72 491.61 491.49 491.37 491.25 491.12 491.00 490.87 490.74 490.61 490.74 490.87 491.00 491.12 491.25 491.37 491.49 491.61 491.72 491.84 491.95 492.06 492.16 492.27 492.37 492.47 492.57 492.66 492.75 492.84 492.93 493.01 493.10 493.17 493.25 493.32 493.39 493.45 493.51 493.57 493.62 493.67 493.71 493.74
493.54 493.52 493.49 493.46 493.42 493.37 493.32 493.26 493.20 493.13 493.06 492.99 492.92 492.84 492.75 492.67 492.58 492.49 492.40 492.30 492.20 492.10 491.99 491.89 491.78 491.67 491.56 491.44 491.32 491.20 491.08 490.96 490.83 490.70 490.57 490.44 490.31 490.44 490.57 490.70 490.83 490.96 491.08 491.20 491.32 491.44 491.56 491.67 491.78 491.89 491.99 492.10 492.20 492.30 492.40 492.49 492.58 492.67 492.75 492.84 492.92 492.99 493.06 493.13 493.20 493.26 493.32 493.37 493.42 493.46 493.49
493.29 493.27 493.24 493.21 493.16 493.12 493.06 493.00 492.94 492.88 492.81 492.73 492.65 492.57 492.49 492.40 492.31 492.22 492.13 492.03 491.93 491.82 491.72 491.61 491.50 491.39 491.27 491.16 491.04 490.91 490.79 490.66 490.54 490.41 490.28 490.14 490.01 490.14 490.28 490.41 490.54 490.66 490.79 490.91 491.04 491.16 491.27 491.39 491.50 491.61 491.72 491.82 491.93 492.03 492.13 492.22 492.31 492.40 492.49 492.57 492.65 492.73 492.81 492.88 492.94 493.00 493.06 493.12 493.16 493.21 493.24
493.03 493.02 492.99 492.95 492.91 492.86 492.81 492.75 492.68 492.62 492.54 492.47 492.39 492.31 492.22 492.14 492.05 491.95 491.85 491.75 491.65 491.55 491.44 491.33 491.22 491.10 490.99 490.87 490.75 490.62 490.50 490.37 490.24 490.11 489.97 489.84 489.70 489.84 489.97 490.11 490.24 490.37 490.50 490.62 490.75 490.87 490.99 491.10 491.22 491.33 491.44 491.55 491.65 491.75 491.85 491.95 492.05 492.14 492.22 492.31 492.39 492.47 492.54 492.62 492.68 492.75 492.81 492.86 492.91 492.95 492.99
