data/virtual_blocks/convex_parallel.asc
NCOLS 72
NROWS 72
XLLCORNER 1506552
YLLCORNER 5533496
CELLSIZE 4
NODATA_VALUE -9999
[rows 32 to 63 of 72, columns 0 to 70 of 72]
492.78 492.78 492.78 492.78 492.78 492.78 492.78 492.78 492.78 492.78 492.78 492.78 492.78 492.78 492.78 492.78 492.78 492.78 492.78 492.78 492.78 492.78 492.78 492.78 492.78 492.78 492.78 492.78 492.78 492.78 492.78 492.78 492.78 492.78 492.78 492.78 492.78 492.78 492.78 492.78 492.78 492.78 492.78 492.78 492.78 492.78 492.78 492.78 492.78 492.78 492.78 492.78 492.78 492.78 492.78 492.78 492.78 492.78 492.78 492.78 492.78 492.78 492.78 492.78 492.78 492.78 492.78 492.78 492.78 492.78 492.78
492.52 492.52 492.52 492.52 492.52 492.52 492.52 492.52 492.52 492.52 492.52 492.52 492.52 492.52 492.52 492.52 492.52 492.52 492.52 492.52 492.52 492.52 492.52 492.52 492.52 492.52 492.52 492.52 492.52 492.52 492.52 492.52 492.52 492.52 492.52 492.52 492.52 492.52 492.52 492.52 492.52 492.52 492.52 492.52 492.52 492.52 492.52 492.52 492.52 492.52 492.52 492.52 492.52 492.52 492.52 492.52 492.52 492.52 492.52 492.52 492.52 492.52 492.52 492.52 492.52 492.52 492.52 492.52 492.52 492.52 492.52
492.25 492.25 492.25 492.25 492.25 492.25 492.25 492.25 492.25 492.25 492.25 492.25 492.25 492.25 492.25 492.25 492.25 492.25 492.25 492.25 492.25 492.25 492.25 492.25 492.25 492.25 492.25 492.25 492.25 492.25 492.25 492.25 492.25 492.25 492.25 492.25 492.25 492.25 492.25 492.25 492.25 492.25 492.25 492.25 492.25 492.25 492.25 492.25 492.25 492.25 492.25 492.25 492.25 492.25 492.25 492.25 492.25 492.25 492.25 492.25 492.25 492.25 492.25 492.25 492.25 492.25 492.25 492.25 492.25 492.25 492.25
491.99 491.99 491.99 491.99 491.99 491.99 491.99 491.99 491.99 491.99 491.99 491.99 491.99 491.99 491.99 491.99 491.99 491.99 491.99 491.99 491.99 491.99 491.99 491.99 491.99 491.99 491.99 491.99 491.99 491.99 491.99 491.99 491.99 491.99 491.99 491.99 491.99 491.99 491.99 491.99 491.99 491.99 491.99 491.99 491.99 491.99 491.99 491.99 491.99 491.99 491.99 491.99 491.99 491.99 491.99 491.99 491.99 491.99 491.99 491.99 491.99 491.99 491.99 491.99 491.99 491.99 491.99 491.99 491.99 491.99 491.99
491.72 491.72 491.72 491.72 491.72 491.72 491.72 491.72 491.72 491.72 491.72 491.72 491.72 491.72 491.72 491.72 491.72 491.72 491.72 491.72 491.72 491.72 491.72 491.72 491.72 491.72 491.72 491.72 491.72 491.72 491.72 491.72 491.72 491.72 491.72 491.72 491.72 491.72 491.72 491.72 491.72 491.72 491.72 491.72 491.72 491.72 491.72 491.72 491.72 491.72 491.72 491.72 491.72 491.72 491.72 491.72 491.72 491.72 491.72 491.72 491.72 491.72 491.72 491.72 491.72 491.72 491.72 491.72 491.72 491.72 491.72
491.44 491.44 491.44 491.44 491.44 491.44 491.44 491.44 491.44 491.44 491.44 491.44 491.44 491.44 491.44 491.44 491.44 491.44 491.44 491.44 491.44 491.44 491.44 491.44 491.44 491.44 491.44 491.44 491.44 491.44 491.44 491.44 491.44 491.44 491.44 491.44 491.44 491.44 491.44 491.44 491.44 491.44 491.44 491.44 491.44 491.44 491.44 491.44 491.44 491.44 491.44 491.44 491.44 491.44 491.44 491.44 491.44 491.44 491.44 491.44 491.44 491.44 491.44 491.44 491.44 491.44 491.44 491.44 491.44 491.44 491.44
491.16 491.16 491.16 491.16 491.16 491.16 491.16 491.16 491.16 491.16 491.16 491.16 491.16 491.16 491.16 491.16 491.16 491.16 491.16 491.16 491.16 491.16 491.16 491.16 491.16 491.16 491.16 491.16 491.16 491.16 491.16 491.16 491.16 491.16 491.16 491.16 491.16 491.16 491.16 491.16 491.16 491.16 491.16 491.16 491.16 491.16 491.16 491.16 491.16 491.16 491.16 491.16 491.16 491.16 491.16 491.16 491.16 491.16 491.16 491.16 491.16 491.16 491.16 491.16 491.16 491.16 491.16 491.16 491.16 491.16 491.16
490.88 490.88 490.88 490.88 490.88 490.88 490.88 490.88 490.88 490.88 490.88 490.88 490.88 490.88 490.88 490.88 490.88 490.88 490.88 490.88 490.88 490.88 490.88 490.88 490.88 490.88 490.88 490.88 490.88 490.88 490.88 490.88 490.88 490.88 490.88 490.88 490.88 490.88 490.88 490.88 490.88 490.88 490.88 490.88 490.88 490.88 490.88 490.88 490.88 490.88 490.88 490.88 490.88 490.88 490.88 490.88 490.88 490.88 490.88 490.88 490.88 490.88 490.88 490.88 490.88 490.88 490.88 490.88 490.88 490.88 490.88
490.59 490.59 490.59 490.59 490.59 490.59 490.59 490.59 490.59 490.59 490.59 490.59 490.59 490.59 490.59 490.59 490.59 490.59 490.59 490.59 490.59 490.59 490.59 490.59 490.59 490.59 490.59 490.59 490.59 490.59 490.59 490.59 490.59 490.59 490.59 490.59 490.59 490.59 490.59 490.59 490.59 490.59 490.59 490.59 490.59 490.59 490.59 490.59 490.59 490.59 490.59 490.59 490.59 490.59 490.59 490.59 490.59 490.59 490.59 490.59 490.59 490.59 490.59 490.59 490.59 490.59 490.59 490.59 490.59 490.59 490.59
490.30 490.30 490.30 490.30 490.30 490.30 490.30 490.30 490.30 490.30 490.30 490.30 490.30 490.30 490.30 490.30 490.30 490.30 490.30 490.30 490.30 490.30 490.30 490.30 490.30 490.30 490.30 490.30 490.30 490.30 490.30 490.30 490.30 490.30 490.30 490.30 490.30 490.30 490.30 490.30 490.30 490.30 490.30 490.30 490.30 490.30 490.30 490.30 490.30 490.30 490.30 490.30 490.30 490.30 490.30 490.30 490.30 490.30 490.30 490.30 490.30 490.30 490.30 490.30 490.30 490.30 490.30 490.30 490.30 490.30 490.30
490.00 490.00 490.00 490.00 490.00 490.00 490.00 490.00 490.00 490.00 490.00 490.00 490.00 490.00 490.00 490.00 490.00 490.00 490.00 490.00 490.00 490.00 490.00 490.00 490.00 490.00 490.00 490.00 490.00 490.00 490.00 490.00 490.00 490.00 490.00 490.00 490.00 490.00 490.00 490.00 490.00 490.00 490.00 490.00 490.00 490.00 490.00 490.00 490.00 490.00 490.00 490.00 490.00 490.00 490.00 490.00 490.00 490.00 490.00 490.00 490.00 490.00 490.00 490.00 490.00 490.00 490.00 490.00 490.00 490.00 490.00
489.70 489.70 489.70 489.70 489.70 489.70 489.70 489.70 489.70 489.70 489.70 489.70 489.70 489.70 489.70 489.70 489.70 489.70 489.70 489.70 489.70 489.70 489.70 489.70 489.70 489.70 489.70 489.70 489.70 489.70 489.70 489.70 489.70 489.70 489.70 489.70 489.70 489.70 489.70 489.70 489.70 489.70 489.70 489.70 489.70 489.70 489.70 489.70 489.70 489.70 489.70 489.70 489.70 489.70 489.70 489.70 489.70 489.70 489.70 489.70 489.70 489.70 489.70 489.70 489.70 489.70 489.70 489.70 489.70 489.70 489.70
489.39 489.39 489.39 489.39 489.39 489.39 489.39 489.39 489.39 489.39 489.39 489.39 489.39 489.39 489.39 489.39 489.39 489.39 489.39 489.39 489.39 489.39 489.39 489.39 489.39 489.39 489.39 489.39 489.39 489.39 489.39 489.39 489.39 489.39 489.39 489.39 489.39 489.39 489.39 489.39 489.39 489.39 489.39 489.39 489.39 489.39 489.39 489.39 489.39 489.39 489.39 489.39 489.39 489.39 489.39 489.39 489.39 489.39 489.39 489.39 489.39 489.39 489.39 489.39 489.39 489.39 489.39 489.39 489.39 489.39 489.39
489.08 489.08 489.08 489.08 489.08 489.08 489.08 489.08 489.08 489.08 489.08 489.08 489.08 489.08 489.08 489.08 489.08 489.08 489.08 489.08 489.08 489.08 489.08 489.08 489.08 489.08 489.08 489.08 489.08 489.08 489.08 489.08 489.08 489.08 489.08 489.08 489.08 489.08 489.08 489.08 489.08 489.08 489.08 489.08 489.08 489.08 489.08 489.08 489.08 489.08 489.08 489.08 489.08 489.08 489.08 489.08 489.08 489.08 489.08 489.08 489.08 489.08 489.08 489.08 489.08 489.08 489.08 489.08 489.08 489.08 489.08
488.76 488.76 488.76 488.76 488.76 488.76 488.76 488.76 488.76 488.76 488.76 488.76 488.76 488.76 488.76 488.76 488.76 488.76 488.76 488.76 488.76 488.76 488.76 488.76 488.76 488.76 488.76 488.76 488.76 488.76 488.76 488.76 488.76 488.76 488.76 488.76 488.76 488.76 488.76 488.76 488.76 488.76 488.76 488.76 488.76 488.76 488.76 488.76 488.76 488.76 488.76 488.76 488.76 488.76 488.76 488.76 488.76 488.76 488.76 488.76 488.76 488.76 488.76 488.76 488.76 488.76 488.76 488.76 488.76 488.76 488.76
488.44 488.44 488.44 488.44 488.44 488.44 488.44 488.44 488.44 488.44 488.44 488.44 488.44 488.44 488.44 488.44 488.44 488.44 488.44 488.44 488.44 488.44 488.44 488.44 488.44 488.44 488.44 488.44 488.44 488.44 488.44 488.44 488.44 488.44 488.44 488.44 488.44 488.44 488.44 488.44 488.44 488.44 488.44 488.44 488.44 488.44 488.44 488.44 488.44 488.44 488.44 488.44 488.44 488.44 488.44 488.44 488.44 488.44 488.44 488.44 488.44 488.44 488.44 488.44 488.44 488.44 488.44 488.44 488.44 488.44 488.44
488.10 488.10 488.10 488.10 488.10 488.10 488.10 488.10 488.10 488.10 488.10 488.10 488.10 488.10 488.10 488.10 488.10 488.10 488.10 488.10 488.10 488.10 488.10 488.10 488.10 488.10 488.10 488.10 488.10 488.10 488.10 488.10 488.10 488.10 488.10 488.10 488.10 488.10 488.10 488.10 488.10 488.10 488.10 488.10 488.10 488.10 488.10 488.10 488.10 488.10 488.10 488.10 488.10 488.10 488.10 488.10 488.10 488.10 488.10 488.10 488.10 488.10 488.10 488.10 488.10 488.10 488.10 488.10 488.10 488.10 488.10
487.76 487.76 487.76 487.76 487.76 487.76 487.76 487.76 487.76 487.76 487.76 487.76 487.76 487.76 487.76 487.76 487.76 487.76 487.76 487.76 487.76 487.76 487.76 487.76 487.76 487.76 487.76 487.76 487.76 487.76 487.76 487.76 487.76 487.76 487.76 487.76 487.76 487.76 487.76 487.76 487.76 487.76 487.76 487.76 487.76 487.76 487.76 487.76 487.76 487.76 487.76 487.76 487.76 487.76 487.76 487.76 487.76 487.76 487.76 487.76 487.76 487.76 487.76 487.76 487.76 487.76 487.76 487.76 487.76 487.76 487.76
487.42 487.42 487.42 487.42 487.42 487.42 487.42 487.42 487.42 487.42 487.42 487.42 487.42 487.42 487.42 487.42 487.42 487.42 487.42 487.42 487.42 487.42 487.42 487.42 487.42 487.42 487.42 487.42 487.42 487.42 487.42 487.42 487.42 487.42 487.42 487.42 487.42 487.42 487.42 487.42 487.42 487.42 487.42 487.42 487.42 487.42 487.42 487.42 487.42 487.42 487.42 487.42 487.42 487.42 487.42 487.42 487.42 487.42 487.42 487.42 487.42 487.42 487.42 487.42 487.42 487.42 487.42 487.42 487.42 487.42 487.42
487.06 487.06 487.06 487.06 487.06 487.06 487.06 487.06 487.06 487.06 487.06 487.06 487.06 487.06 487.06 487.06 487.06 487.06 487.06 487.06 487.06 487.06 487.06 487.06 487.06 487.06 487.06 487.06 487.06 487.06 487.06 487.06 487.06 487.06 487.06 487.06 487.06 487.06 487.06 487.06 487.06 487.06 487.06 487.06 487.06 487.06 487.06 487.06 487.06 487.06 487.06 487.06 487.06 487.06 487.06 487.06 487.06 487.06 487.06 487.06 487.06 487.06 487.06 487.06 487.06 487.06 487.06 487.06 487.06 487.06 487.06
486.69 486.69 486.69 486.69 486.69 486.69 486.69 486.69 486.69 486.69 486.69 486.69 486.69 486.69 486.69 486.69 486.69 486.69 486.69 486.69 486.69 486.69 486.69 486.69 486.69 486.69 486.69 486.69 486.69 486.69 486.69 486.69 486.69 486.69 486.69 486.69 486.69 486.69 486.69 486.69 486.69 486.69 486.69 486.69 486.69 486.69 486.69 486.69 486.69 486.69 486.69 486.69 486.69 486.69 486.69 486.69 486.69 486.69 486.69 486.69 486.69 486.69 486.69 486.69 486.69 486.69 486.69 486.69 486.69 486.69 486.69
486.32 486.32 486.32 486.32 486.32 486.32 486.32 486.32 486.32 486.32 486.32 486.32 486.32 486.32 486.32 486.32 486.32 486.32 486.32 486.32 486.32 486.32 486.32 486.32 486.32 486.32 486.32 486.32 486.32 486.32 486.32 486.32 486.32 486.32 486.32 486.32 486.32 486.32 486.32 486.32 486.32 486.32 486.32 486.32 486.32 486.32 486.32 486.32 486.32 486.32 486.32 486.32 486.32 486.32 486.32 486.32 486.32 486.32 486.32 486.32 486.32 486.32 486.32 486.32 486.32 486.32 486.32 486.32 486.32 486.32 486.32
485.93 485.93 485.93 485.93 485.93 485.93 485.93 485.93 485.93 485.93 485.93 485.93 485.93 485.93 485.93 485.93 485.93 485.93 485.93 485.93 485.93 485.93 485.93 485.93 485.93 485.93 485.93 485.93 485.93 485.93 485.93 485.93 485.93 485.93 485.93 485.93 485.93 485.93 485.93 485.93 485.93 485.93 485.93 485.93 485.93 485.93 485.93 485.93 485.93 485.93 485.93 485.93 485.93 485.93 485.93 485.93 485.93 485.93 485.93 485.93 485.93 485.93 485.93 485.93 485.93 485.93 485.93 485.93 485.93 485.93 485.93
485.54 485.54 485.54 485.54 485.54 485.54 485.54 485.54 485.54 485.54 485.54 485.54 485.54 485.54 485.54 485.54 485.54 485.54 485.54 485.54 485.54 485.54 485.54 485.54 485.54 485.54 485.54 485.54 485.54 485.54 485.54 485.54 485.54 485.54 485.54 485.54 485.54 485.54 485.54 485.54 485.54 485.54 485.54 485.54 485.54 485.54 485.54 485.54 485.54 485.54 485.54 485.54 485.54 485.54 485.54 485.54 485.54 485.54 485.54 485.54 485.54 485.54 485.54 485.54 485.54 485.54 485.54 485.54 485.54 485.54 485.54
485.13 485.13 485.13 485.13 485.13 485.13 485.13 485.13 485.13 485.13 485.13 485.13 485.13 485.13 485.13 485.13 485.13 485.13 485.13 485.13 485.13 485.13 485.13 485.13 485.13 485.13 485.13 485.13 485.13 485.13 485.13 485.13 485.13 485.13 485.13 485.13 485.13 485.13 485.13 485.13 485.13 485.13 485.13 485.13 485.13 485.13 485.13 485.13 485.13 485.13 485.13 485.13 485.13 485.13 485.13 485.13 485.13 485.13 485.13 485.13 485.13 485.13 485.13 485.13 485.13 485.13 485.13 485.13 485.13 485.13 485.13
484.70 484.70 484.70 484.70 484.70 484.70 484.70 484.70 484.70 484.70 484.70 484.70 484.70 484.70 484.70 484.70 484.70 484.70 484.70 484.70 484.70 484.70 484.70 484.70 484.70 484.70 484.70 484.70 484.70 484.70 484.70 484.70 484.70 484.70 484.70 484.70 484.70 484.70 484.70 484.70 484.70 484.70 484.70 484.70 484.70 484.70 484.70 484.70 484.70 484.70 484.70 484.70 484.70 484.70 484.70 484.70 484.70 484.70 484.70 484.70 484.70 484.70 484.70 484.70 484.70 484.70 484.70 484.70 484.70 484.70 484.70
484.27 484.27 484.27 484.27 484.27 484.27 484.27 484.27 484.27 484.27 484.27 484.27 484.27 484.27 484.27 484.27 484.27 484.27 484.27 484.27 484.27 484.27 484.27 484.27 484.27 484.27 484.27 484.27 484.27 484.27 484.27 484.27 484.27 484.27 484.27 484.27 484.27 484.27 484.27 484.27 484.27 484.27 484.27 484.27 484.27 484.27 484.27 484.27 484.27 484.27 484.27 484.27 484.27 484.27 484.27 484.27 484.27 484.27 484.27 484.27 484.27 484.27 484.27 484.27 484.27 484.27 484.27 484.27 484.27 484.27 484.27
483.81 483.81 483.81 483.81 483.81 483.81 483.81 483.81 483.81 483.81 483.81 483.81 483.81 483.81 483.81 483.81 483.81 483.81 483.81 483.81 483.81 483.81 483.81 483.81 483.81 483.81 483.81 483.81 483.81 483.81 483.81 483.81 483.81 483.81 483.81 483.81 483.81 483.81 483.81 483.81 483.81 483.81 483.81 483.81 483.81 483.81 483.81 483.81 483.81 483.81 483.81 483.81 483.81 483.81 483.81 483.81 483.81 483.81 483.81 483.81 483.81 483.81 483.81 483.81 483.81 483.81 483.81 483.81 483.81 483.81 483.81
483.33 483.33 483.33 483.33 483.33 483.33 483.33 483.33 483.33 483.33 483.33 483.33 483.33 483.33 483.33 483.33 483.33 483.33 483.33 483.33 483.33 483.33 483.33 483.33 483.33 483.33 483.33 483.33 483.33 483.33 483.33 483.33 483.33 483.33 483.33 483.33 483.33 483.33 483.33 483.33 483.33 483.33 483.33 483.33 483.33 483.33 483.33 483.33 483.33 483.33 483.33 483.33 483.33 483.33 483.33 483.33 483.33 483.33 483.33 483.33 483.33 483.33 483.33 483.33 483.33 483.33 483.33 483.33 483.33 483.33 483.33
482.84 482.84 482.84 482.84 482.84 482.84 482.84 482.84 482.84 482.84 482.84 482.84 482.84 482.84 482.84 482.84 482.84 482.84 482.84 482.84 482.84 482.84 482.84 482.84 482.84 482.84 482.84 482.84 482.84 482.84 482.84 482.84 482.84 482.84 482.84 482.84 482.84 482.84 482.84 482.84 482.84 482.84 482.84 482.84 482.84 482.84 482.84 482.84 482.84 482.84 482.84 482.84 482.84 482.84 482.84 482.84 482.84 482.84 482.84 482.84 482.84 482.84 482.84 482.84 482.84 482.84 482.84 482.84 482.84 482.84 482.84
482.31 482.31 482.31 482.31 482.31 482.31 482.31 482.31 482.31 482.31 482.31 482.31 482.31 482.31 482.31 482.31 482.31 482.31 482.31 482.31 482.31 482.31 482.31 482.31 482.31 482.31 482.31 482.31 482.31 482.31 482.31 482.31 482.31 482.31 482.31 482.31 482.31 482.31 482.31 482.31 482.31 482.31 482.31 482.31 482.31 482.31 482.31 482.31 482.31 482.31 482.31 482.31 482.31 482.31 482.31 482.31 482.31 482.31 482.31 482.31 482.31 482.31 482.31 482.31 482.31 482.31 482.31 482.31 482.31 482.31 482.31
481.76 481.76 481.76 481.76 481.76 481.76 481.76 481.76 481.76 481.76 481.76 481.76 481.76 481.76 481.76 481.76 481.76 481.76 481.76 481.76 481.76 481.76 481.76 481.76 481.76 481.76 481.76 481.76 481.76 481.76 481.76 481.76 481.76 481.76 481.76 481.76 481.76 481.76 481.76 481.76 481.76 481.76 481.76 481.76 481.76 481.76 481.76 481.76 481.76 481.76 481.76 481.76 481.76 481.76 481.76 481.76 481.76 481.76 481.76 481.76 481.76 481.76 481.76 481.76 481.76 481.76 481.76 481.76 481.76 481.76 481.76
