data/virtual_blocks/convex_divergent.asc
NCOLS 72
NROWS 72
XLLCORNER 1506552
YLLCORNER 5533496
CELLSIZE 4
NODATA_VALUE -9999
[rows 0 to 31 of 72, columns 0 to 70 of 72]
499.81 499.81 499.82 499.82 499.83 499.84 499.85 499.86 499.87 499.88 499.90 499.91 499.92 499.94 499.95 499.97 499.98 500.00 500.02 500.04 500.05 500.07 500.09 500.11 500.13 500.15 500.17 500.19 500.21 500.24 500.26 500.28 500.30 500.33 500.35 500.37 500.40 500.37 500.35 500.33 500.30 500.28 500.26 500.24 500.21 500.19 500.17 500.15 500.13 500.11 500.09 500.07 500.05 500.04 500.02 500.00 499.98 499.97 499.95 499.94 499.92 499.91 499.90 499.88 499.87 499.86 499.85 499.84 499.83 499.82 499.82
499.62 499.62 499.63 499.64 499.65 499.66 499.67 499.69 499.70 499.72 499.74 499.76 499.78 499.80 499.82 499.84 499.86 499.89 499.91 499.94 499.96 499.99 500.02 500.04 500.07 500.10 500.13 500.16 500.19 500.22 500.25 500.28 500.32 500.35 500.38 500.42 500.45 500.42 500.38 500.35 500.32 500.28 500.25 500.22 500.19 500.16 500.13 500.10 500.07 500.04 500.02 499.99 499.96 499.94 499.91 499.89 499.86 499.84 499.82 499.80 499.78 499.76 499.74 499.72 499.70 499.69 499.67 499.66 499.65 499.64 499.63
499.42 499.43 499.44 499.45 499.46 499.48 499.49 499.51 499.53 499.55 499.57 499.60 499.62 499.65 499.67 499.70 499.73 499.76 499.78 499.82 499.85 499.88 499.91 499.95 499.98 500.01 500.05 500.09 500.12 500.16 500.20 500.24 500.28 500.32 500.36 500.40 500.44 500.40 500.36 500.32 500.28 500.24 500.20 500.16 500.12 500.09 500.05 500.01 499.98 499.95 499.91 499.88 499.85 499.82 499.78 499.76 499.73 499.70 499.67 499.65 499.62 499.60 499.57 499.55 499.53 499.51 499.49 499.48 499.46 499.45 499.44
499.23 499.23 499.24 499.26 499.27 499.29 499.31 499.33 499.35 499.38 499.40 499.43 499.46 499.48 499.51 499.55 499.58 499.61 499.65 499.68 499.72 499.75 499.79 499.83 499.87 499.91 499.95 499.99 500.04 500.08 500.13 500.17 500.22 500.26 500.31 500.36 500.41 500.36 500.31 500.26 500.22 500.17 500.13 500.08 500.04 499.99 499.95 499.91 499.87 499.83 499.79 499.75 499.72 499.68 499.65 499.61 499.58 499.55 499.51 499.48 499.46 499.43 499.40 499.38 499.35 499.33 499.31 499.29 499.27 499.26 499.24
499.03 499.04 499.05 499.06 499.08 499.10 499.12 499.15 499.17 499.20 499.23 499.26 499.29 499.32 499.35 499.39 499.42 499.46 499.50 499.54 499.58 499.62 499.66 499.71 499.75 499.80 499.84 499.89 499.94 499.99 500.04 500.09 500.14 500.19 500.24 500.30 500.35 500.30 500.24 500.19 500.14 500.09 500.04 499.99 499.94 499.89 499.84 499.80 499.75 499.71 499.66 499.62 499.58 499.54 499.50 499.46 499.42 499.39 499.35 499.32 499.29 499.26 499.23 499.20 499.17 499.15 499.12 499.10 499.08 499.06 499.05
498.84 498.84 498.85 498.87 498.89 498.91 498.93 498.96 498.99 499.02 499.05 499.08 499.11 499.15 499.19 499.22 499.26 499.30 499.35 499.39 499.43 499.48 499.52 499.57 499.62 499.67 499.72 499.77 499.83 499.88 499.93 499.99 500.04 500.10 500.16 500.22 500.28 500.22 500.16 500.10 500.04 499.99 499.93 499.88 499.83 499.77 499.72 499.67 499.62 499.57 499.52 499.48 499.43 499.39 499.35 499.30 499.26 499.22 499.19 499.15 499.11 499.08 499.05 499.02 498.99 498.96 498.93 498.91 498.89 498.87 498.85
498.64 498.64 498.66 498.67 498.69 498.72 498.74 498.77 498.80 498.83 498.86 498.90 498.94 498.97 499.01 499.06 499.10 499.14 499.19 499.23 499.28 499.33 499.38 499.43 499.48 499.54 499.59 499.65 499.71 499.76 499.82 499.88 499.94 500.00 500.07 500.13 500.20 500.13 500.07 500.00 499.94 499.88 499.82 499.76 499.71 499.65 499.59 499.54 499.48 499.43 499.38 499.33 499.28 499.23 499.19 499.14 499.10 499.06 499.01 498.97 498.94 498.90 498.86 498.83 498.80 498.77 498.74 498.72 498.69 498.67 498.66
498.44 498.44 498.46 498.48 498.50 498.52 498.55 498.58 498.61 498.64 498.68 498.72 498.76 498.80 498.84 498.88 498.93 498.98 499.02 499.07 499.13 499.18 499.23 499.29 499.34 499.40 499.46 499.52 499.58 499.64 499.70 499.77 499.83 499.90 499.96 500.03 500.10 500.03 499.96 499.90 499.83 499.77 499.70 499.64 499.58 499.52 499.46 499.40 499.34 499.29 499.23 499.18 499.13 499.07 499.02 498.98 498.93 498.88 498.84 498.80 498.76 498.72 498.68 498.64 498.61 498.58 498.55 498.52 498.50 498.48 498.46
498.23 498.24 498.26 498.28 498.30 498.32 498.35 498.38 498.42 498.45 498.49 498.53 498.57 498.62 498.66 498.71 498.76 498.81 498.86 498.91 498.96 499.02 499.08 499.14 499.20 499.26 499.32 499.38 499.45 499.51 499.58 499.65 499.71 499.78 499.86 499.93 500.00 499.93 499.86 499.78 499.71 499.65 499.58 499.51 499.45 499.38 499.32 499.26 499.20 499.14 499.08 499.02 498.96 498.91 498.86 498.81 498.76 498.71 498.66 498.62 498.57 498.53 498.49 498.45 498.42 498.38 498.35 498.32 498.30 498.28 498.26
498.03 498.04 498.05 498.07 498.10 498.13 498.16 498.19 498.22 498.26 498.30 498.34 498.39 498.43 498.48 498.53 498.58 498.63 498.69 498.74 498.80 498.86 498.92 498.98 499.04 499.11 499.17 499.24 499.31 499.38 499.45 499.52 499.59 499.66 499.74 499.82 499.89 499.82 499.74 499.66 499.59 499.52 499.45 499.38 499.31 499.24 499.17 499.11 499.04 498.98 498.92 498.86 498.80 498.74 498.69 498.63 498.58 498.53 498.48 498.43 498.39 498.34 498.30 498.26 498.22 498.19 498.16 498.13 498.10 498.07 498.05
497.82 497.83 497.85 497.87 497.90 497.92 497.96 497.99 498.03 498.07 498.11 498.15 498.20 498.25 498.30 498.35 498.40 498.46 498.51 498.57 498.63 498.69 498.76 498.82 498.89 498.95 499.02 499.09 499.16 499.24 499.31 499.39 499.46 499.54 499.62 499.70 499.78 499.70 499.62 499.54 499.46 499.39 499.31 499.24 499.16 499.09 499.02 498.95 498.89 498.82 498.76 498.69 498.63 498.57 498.51 498.46 498.40 498.35 498.30 498.25 498.20 498.15 498.11 498.07 498.03 497.99 497.96 497.92 497.90 497.87 497.85
497.62 497.63 497.64 497.67 497.69 497.72 497.76 497.79 497.83 497.87 497.91 497.96 498.01 498.06 498.11 498.17 498.22 498.28 498.34 498.40 498.46 498.53 498.59 498.66 498.73 498.80 498.87 498.94 499.02 499.09 499.17 499.25 499.33 499.41 499.49 499.57 499.66 499.57 499.49 499.41 499.33 499.25 499.17 499.09 499.02 498.94 498.87 498.80 498.73 498.66 498.59 498.53 498.46 498.40 498.34 498.28 498.22 498.17 498.11 498.06 498.01 497.96 497.91 497.87 497.83 497.79 497.76 497.72 497.69 497.67 497.64
497.41 497.42 497.43 497.46 497.49 497.52 497.55 497.59 497.63 497.67 497.72 497.77 497.82 497.87 497.92 497.98 498.04 498.10 498.16 498.22 498.29 498.35 498.42 498.49 498.56 498.64 498.71 498.79 498.86 498.94 499.02 499.10 499.19 499.27 499.36 499.44 499.53 499.44 499.36 499.27 499.19 499.10 499.02 498.94 498.86 498.79 498.71 498.64 498.56 498.49 498.42 498.35 498.29 498.22 498.16 498.10 498.04 497.98 497.92 497.87 497.82 497.77 497.72 497.67 497.63 497.59 497.55 497.52 497.49 497.46 497.43
497.20 497.21 497.23 497.25 497.28 497.31 497.35 497.39 497.43 497.47 497.52 497.57 497.62 497.67 497.73 497.79 497.85 497.91 497.98 498.04 498.11 498.18 498.25 498.32 498.40 498.47 498.55 498.63 498.71 498.79 498.87 498.96 499.04 499.13 499.22 499.31 499.40 499.31 499.22 499.13 499.04 498.96 498.87 498.79 498.71 498.63 498.55 498.47 498.40 498.32 498.25 498.18 498.11 498.04 497.98 497.91 497.85 497.79 497.73 497.67 497.62 497.57 497.52 497.47 497.43 497.39 497.35 497.31 497.28 497.25 497.23
496.98 496.99 497.01 497.04 497.07 497.10 497.14 497.18 497.22 497.27 497.32 497.37 497.42 497.48 497.54 497.60 497.66 497.72 497.79 497.86 497.93 498.00 498.07 498.15 498.23 498.30 498.38 498.47 498.55 498.63 498.72 498.81 498.90 498.99 499.08 499.17 499.27 499.17 499.08 498.99 498.90 498.81 498.72 498.63 498.55 498.47 498.38 498.30 498.23 498.15 498.07 498.00 497.93 497.86 497.79 497.72 497.66 497.60 497.54 497.48 497.42 497.37 497.32 497.27 497.22 497.18 497.14 497.10 497.07 497.04 497.01
496.77 496.78 496.80 496.83 496.86 496.89 496.93 496.97 497.02 497.06 497.11 497.17 497.22 497.28 497.34 497.40 497.47 497.53 497.60 497.67 497.75 497.82 497.90 497.97 498.05 498.13 498.22 498.30 498.39 498.47 498.56 498.65 498.74 498.84 498.93 499.03 499.13 499.03 498.93 498.84 498.74 498.65 498.56 498.47 498.39 498.30 498.22 498.13 498.05 497.97 497.90 497.82 497.75 497.67 497.60 497.53 497.47 497.40 497.34 497.28 497.22 497.17 497.11 497.06 497.02 496.97 496.93 496.89 496.86 496.83 496.80
496.55 496.56 496.58 496.61 496.64 496.68 496.72 496.76 496.81 496.86 496.91 496.96 497.02 497.08 497.14 497.21 497.27 497.34 497.41 497.48 497.56 497.64 497.71 497.79 497.88 497.96 498.04 498.13 498.22 498.31 498.40 498.49 498.59 498.69 498.78 498.88 498.98 498.88 498.78 498.69 498.59 498.49 498.40 498.31 498.22 498.13 498.04 497.96 497.88 497.79 497.71 497.64 497.56 497.48 497.41 497.34 497.27 497.21 497.14 497.08 497.02 496.96 496.91 496.86 496.81 496.76 496.72 496.68 496.64 496.61 496.58
496.33 496.35 496.37 496.39 496.43 496.46 496.50 496.55 496.60 496.65 496.70 496.76 496.82 496.88 496.94 497.01 497.08 497.15 497.22 497.29 497.37 497.45 497.53 497.61 497.70 497.78 497.87 497.96 498.05 498.14 498.24 498.33 498.43 498.53 498.63 498.73 498.83 498.73 498.63 498.53 498.43 498.33 498.24 498.14 498.05 497.96 497.87 497.78 497.70 497.61 497.53 497.45 497.37 497.29 497.22 497.15 497.08 497.01 496.94 496.88 496.82 496.76 496.70 496.65 496.60 496.55 496.50 496.46 496.43 496.39 496.37
496.11 496.13 496.15 496.18 496.21 496.25 496.29 496.33 496.38 496.44 496.49 496.55 496.61 496.67 496.74 496.80 496.88 496.95 497.02 497.10 497.18 497.26 497.34 497.43 497.51 497.60 497.69 497.78 497.88 497.97 498.07 498.17 498.27 498.37 498.47 498.58 498.68 498.58 498.47 498.37 498.27 498.17 498.07 497.97 497.88 497.78 497.69 497.60 497.51 497.43 497.34 497.26 497.18 497.10 497.02 496.95 496.88 496.80 496.74 496.67 496.61 496.55 496.49 496.44 496.38 496.33 496.29 496.25 496.21 496.18 496.15
495.89 495.90 495.93 495.95 495.99 496.03 496.07 496.12 496.17 496.22 496.28 496.34 496.40 496.46 496.53 496.60 496.67 496.75 496.82 496.90 496.98 497.07 497.15 497.24 497.33 497.42 497.51 497.60 497.70 497.80 497.90 498.00 498.10 498.20 498.31 498.42 498.53 498.42 498.31 498.20 498.10 498.00 497.90 497.80 497.70 497.60 497.51 497.42 497.33 497.24 497.15 497.07 496.98 496.90 496.82 496.75 496.67 496.60 496.53 496.46 496.40 496.34 496.28 496.22 496.17 496.12 496.07 496.03 495.99 495.95 495.93
495.67 495.68 495.70 495.73 495.77 495.81 495.85 495.90 495.95 496.00 496.06 496.12 496.19 496.25 496.32 496.39 496.47 496.54 496.62 496.70 496.79 496.87 496.96 497.05 497.14 497.23 497.32 497.42 497.52 497.62 497.72 497.82 497.93 498.04 498.15 498.26 498.37 498.26 498.15 498.04 497.93 497.82 497.72 497.62 497.52 497.42 497.32 497.23 497.14 497.05 496.96 496.87 496.79 496.70 496.62 496.54 496.47 496.39 496.32 496.25 496.19 496.12 496.06 496.00 495.95 495.90 495.85 495.81 495.77 495.73 495.70
495.44 495.45 495.48 495.51 495.54 495.58 495.63 495.68 495.73 495.79 495.84 495.91 495.97 496.04 496.11 496.18 496.26 496.34 496.42 496.50 496.58 496.67 496.76 496.85 496.94 497.04 497.14 497.24 497.34 497.44 497.54 497.65 497.76 497.87 497.98 498.09 498.20 498.09 497.98 497.87 497.76 497.65 497.54 497.44 497.34 497.24 497.14 497.04 496.94 496.85 496.76 496.67 496.58 496.50 496.42 496.34 496.26 496.18 496.11 496.04 495.97 495.91 495.84 495.79 495.73 495.68 495.63 495.58 495.54 495.51 495.48
495.21 495.22 495.25 495.28 495.32 495.36 495.40 495.45 495.51 495.56 495.62 495.69 495.75 495.82 495.90 495.97 496.05 496.13 496.21 496.29 496.38 496.47 496.56 496.65 496.75 496.85 496.95 497.05 497.15 497.25 497.36 497.47 497.58 497.69 497.80 497.92 498.04 497.92 497.80 497.69 497.58 497.47 497.36 497.25 497.15 497.05 496.95 496.85 496.75 496.65 496.56 496.47 496.38 496.29 496.21 496.13 496.05 495.97 495.90 495.82 495.75 495.69 495.62 495.56 495.51 495.45 495.40 495.36 495.32 495.28 495.25
494.98 494.99 495.02 495.05 495.09 495.13 495.18 495.23 495.28 495.34 495.40 495.47 495.53 495.61 495.68 495.76 495.83 495.92 496.00 496.09 496.17 496.27 496.36 496.45 496.55 496.65 496.75 496.85 496.96 497.07 497.18 497.29 497.40 497.51 497.63 497.75 497.87 497.75 497.63 497.51 497.40 497.29 497.18 497.07 496.96 496.85 496.75 496.65 496.55 496.45 496.36 496.27 496.17 496.09 496.00 495.92 495.83 495.76 495.68 495.61 495.53 495.47 495.40 495.34 495.28 495.23 495.18 495.13 495.09 495.05 495.02
494.75 494.76 494.78 494.82 494.85 494.90 494.95 495.00 495.05 495.11 495.18 495.24 495.31 495.38 495.46 495.54 495.62 495.70 495.79 495.88 495.97 496.06 496.15 496.25 496.35 496.45 496.55 496.66 496.77 496.88 496.99 497.10 497.21 497.33 497.45 497.57 497.69 497.57 497.45 497.33 497.21 497.10 496.99 496.88 496.77 496.66 496.55 496.45 496.35 496.25 496.15 496.06 495.97 495.88 495.79 495.70 495.62 495.54 495.46 495.38 495.31 495.24 495.18 495.11 495.05 495.00 494.95 494.90 494.85 494.82 494.78
494.51 494.52 494.55 494.58 494.62 494.66 494.71 494.77 494.82 494.88 494.95 495.02 495.09 495.16 495.24 495.32 495.40 495.48 495.57 495.66 495.75 495.85 495.94 496.04 496.14 496.25 496.35 496.46 496.57 496.68 496.79 496.91 497.03 497.15 497.27 497.39 497.51 497.39 497.27 497.15 497.03 496.91 496.79 496.68 496.57 496.46 496.35 496.25 496.14 496.04 495.94 495.85 495.75 495.66 495.57 495.48 495.40 495.32 495.24 495.16 495.09 495.02 494.95 494.88 494.82 494.77 494.71 494.66 494.62 494.58 494.55
494.27 494.28 494.31 494.34 494.38 494.43 494.48 494.53 494.59 494.65 494.72 494.79 494.86 494.93 495.01 495.09 495.18 495.26 495.35 495.44 495.54 495.63 495.73 495.83 495.94 496.04 496.15 496.26 496.37 496.48 496.60 496.72 496.84 496.96 497.08 497.21 497.33 497.21 497.08 496.96 496.84 496.72 496.60 496.48 496.37 496.26 496.15 496.04 495.94 495.83 495.73 495.63 495.54 495.44 495.35 495.26 495.18 495.09 495.01 494.93 494.86 494.79 494.72 494.65 494.59 494.53 494.48 494.43 494.38 494.34 494.31
494.03 494.04 494.07 494.10 494.14 494.19 494.24 494.30 494.35 494.42 494.48 494.55 494.63 494.70 494.78 494.87 494.95 495.04 495.13 495.22 495.32 495.42 495.52 495.62 495.73 495.83 495.94 496.05 496.17 496.28 496.40 496.52 496.64 496.76 496.89 497.02 497.15 497.02 496.89 496.76 496.64 496.52 496.40 496.28 496.17 496.05 495.94 495.83 495.73 495.62 495.52 495.42 495.32 495.22 495.13 495.04 494.95 494.87 494.78 494.70 494.63 494.55 494.48 494.42 494.35 494.30 494.24 494.19 494.14 494.10 494.07
493.78 493.80 493.83 493.86 493.90 493.95 494.00 494.06 494.12 494.18 494.25 494.32 494.39 494.47 494.55 494.64 494.72 494.81 494.91 495.00 495.10 495.20 495.30 495.40 495.51 495.62 495.73 495.84 495.96 496.08 496.20 496.32 496.44 496.57 496.70 496.83 496.96 496.83 496.70 496.57 496.44 496.32 496.20 496.08 495.96 495.84 495.73 495.62 495.51 495.40 495.30 495.20 495.10 495.00 494.91 494.81 494.72 494.64 494.55 494.47 494.39 494.32 494.25 494.18 494.12 494.06 494.00 493.95 493.90 493.86 493.83
493.54 493.55 493.58 493.61 493.66 493.70 493.76 493.81 493.87 493.94 494.01 494.08 494.16 494.24 494.32 494.40 494.49 494.58 494.68 494.77 494.87 494.97 495.08 495.18 495.29 495.40 495.52 495.63 495.75 495.87 495.99 496.12 496.24 496.37 496.50 496.63 496.76 496.63 496.50 496.37 496.24 496.12 495.99 495.87 495.75 495.63 495.52 495.40 495.29 495.18 495.08 494.97 494.87 494.77 494.68 494.58 494.49 494.40 494.32 494.24 494.16 494.08 494.01 493.94 493.87 493.81 493.76 493.70 493.66 493.61 493.58
493.29 493.30 493.33 493.37 493.41 493.46 493.51 493.57 493.63 493.70 493.77 493.84 493.92 494.00 494.08 494.17 494.26 494.35 494.45 494.54 494.64 494.75 494.85 494.96 495.07 495.18 495.30 495.42 495.54 495.66 495.78 495.91 496.04 496.17 496.30 496.43 496.57 496.43 496.30 496.17 496.04 495.91 495.78 495.66 495.54 495.42 495.30 495.18 495.07 494.96 494.85 494.75 494.64 494.54 494.45 494.35 494.26 494.17 494.08 494.00 493.92 493.84 493.77 493.70 493.63 493.57 493.51 493.46 493.41 493.37 493.33
493.03 493.05 493.08 493.11 493.16 493.21 493.26 493.32 493.38 493.45 493.52 493.60 493.67 493.76 493.84 493.93 494.02 494.11 494.21 494.31 494.41 494.52 494.63 494.74 494.85 494.96 495.08 495.20 495.32 495.44 495.57 495.70 495.83 495.96 496.09 496.23 496.37 496.23 496.09 495.96 495.83 495.70 495.57 495.44 495.32 495.20 495.08 494.96 494.85 494.74 494.63 494.52 494.41 494.31 494.21 494.11 494.02 493.93 493.84 493.76 493.67 493.60 493.52 493.45 493.38 493.32 493.26 493.21 493.16 493.11 493.08
