data/virtual_blocks/convex_convergent.asc
NCOLS 72
NROWS 72
XLLCORNER 1506552
YLLCORNER 5533496
CELLSIZE 4
NODATA_VALUE -9999
[rows 32 to 63 of 72, columns 0 to 70 of 72]
492.78 492.76 492.73 492.69 492.65 492.60 492.55 492.49 492.42 492.35 492.28 492.20 492.12 492.04 491.96 491.87 491.77 491.68 491.58 491.48 491.37 491.27 491.16 491.05 490.93 490.82 490.70 490.58 490.45 490.33 490.20 490.07 489.94 489.81 489.67 489.53 489.39 489.53 489.67 489.81 489.94 490.07 490.20 490.33 490.45 490.58 490.70 490.82 490.93 491.05 491.16 491.27 491.37 491.48 491.58 491.68 491.77 491.87 491.96 492.04 492.12 492.20 492.28 492.35 492.42 492.49 492.55 492.60 492.65 492.69 492.73
492.52 492.50 492.47 492.43 492.39 492.34 492.28 492.22 492.16 492.09 492.01 491.94 491.86 491.77 491.68 491.59 491.50 491.40 491.30 491.20 491.09 490.99 490.88 490.76 490.65 490.53 490.41 490.28 490.16 490.03 489.90 489.77 489.64 489.50 489.36 489.22 489.08 489.22 489.36 489.50 489.64 489.77 489.90 490.03 490.16 490.28 490.41 490.53 490.65 490.76 490.88 490.99 491.09 491.20 491.30 491.40 491.50 491.59 491.68 491.77 491.86 491.94 492.01 492.09 492.16 492.22 492.28 492.34 492.39 492.43 492.47
492.25 492.24 492.21 492.17 492.12 492.07 492.02 491.95 491.89 491.82 491.74 491.66 491.58 491.50 491.41 491.32 491.22 491.12 491.02 490.92 490.81 490.70 490.59 490.47 490.36 490.24 490.11 489.99 489.86 489.73 489.60 489.47 489.33 489.19 489.05 488.91 488.77 488.91 489.05 489.19 489.33 489.47 489.60 489.73 489.86 489.99 490.11 490.24 490.36 490.47 490.59 490.70 490.81 490.92 491.02 491.12 491.22 491.32 491.41 491.50 491.58 491.66 491.74 491.82 491.89 491.95 492.02 492.07 492.12 492.17 492.21
491.99 491.97 491.94 491.90 491.86 491.80 491.75 491.68 491.62 491.54 491.47 491.39 491.31 491.22 491.13 491.04 490.94 490.84 490.74 490.63 490.52 490.41 490.30 490.18 490.06 489.94 489.82 489.69 489.56 489.43 489.30 489.16 489.02 488.88 488.74 488.60 488.45 488.60 488.74 488.88 489.02 489.16 489.30 489.43 489.56 489.69 489.82 489.94 490.06 490.18 490.30 490.41 490.52 490.63 490.74 490.84 490.94 491.04 491.13 491.22 491.31 491.39 491.47 491.54 491.62 491.68 491.75 491.80 491.86 491.90 491.94
491.72 491.70 491.67 491.63 491.58 491.53 491.47 491.41 491.34 491.27 491.19 491.11 491.03 490.94 490.85 490.75 490.65 490.55 490.45 490.34 490.23 490.12 490.00 489.89 489.76 489.64 489.52 489.39 489.26 489.12 488.99 488.85 488.71 488.57 488.43 488.28 488.13 488.28 488.43 488.57 488.71 488.85 488.99 489.12 489.26 489.39 489.52 489.64 489.76 489.89 490.00 490.12 490.23 490.34 490.45 490.55 490.65 490.75 490.85 490.94 491.03 491.11 491.19 491.27 491.34 491.41 491.47 491.53 491.58 491.63 491.67
491.44 491.42 491.39 491.35 491.31 491.25 491.19 491.13 491.06 490.99 490.91 490.83 490.74 490.65 490.56 490.46 490.37 490.26 490.16 490.05 489.94 489.82 489.71 489.59 489.46 489.34 489.21 489.08 488.95 488.82 488.68 488.54 488.40 488.25 488.11 487.96 487.81 487.96 488.11 488.25 488.40 488.54 488.68 488.82 488.95 489.08 489.21 489.34 489.46 489.59 489.71 489.82 489.94 490.05 490.16 490.26 490.37 490.46 490.56 490.65 490.74 490.83 490.91 490.99 491.06 491.13 491.19 491.25 491.31 491.35 491.39
491.16 491.15 491.11 491.07 491.03 490.97 490.91 490.85 490.78 490.70 490.62 490.54 490.45 490.36 490.27 490.17 490.07 489.97 489.86 489.75 489.64 489.52 489.40 489.28 489.16 489.03 488.90 488.77 488.64 488.50 488.36 488.22 488.08 487.93 487.79 487.64 487.48 487.64 487.79 487.93 488.08 488.22 488.36 488.50 488.64 488.77 488.90 489.03 489.16 489.28 489.40 489.52 489.64 489.75 489.86 489.97 490.07 490.17 490.27 490.36 490.45 490.54 490.62 490.70 490.78 490.85 490.91 490.97 491.03 491.07 491.11
490.88 490.86 490.83 490.79 490.74 490.69 490.63 490.56 490.49 490.41 490.33 490.25 490.16 490.07 489.98 489.88 489.78 489.67 489.56 489.45 489.34 489.22 489.10 488.98 488.85 488.72 488.59 488.46 488.32 488.19 488.04 487.90 487.76 487.61 487.46 487.31 487.15 487.31 487.46 487.61 487.76 487.90 488.04 488.19 488.32 488.46 488.59 488.72 488.85 488.98 489.10 489.22 489.34 489.45 489.56 489.67 489.78 489.88 489.98 490.07 490.16 490.25 490.33 490.41 490.49 490.56 490.63 490.69 490.74 490.79 490.83
490.59 490.58 490.54 490.50 490.45 490.40 490.34 490.27 490.20 490.12 490.04 489.96 489.87 489.77 489.68 489.58 489.47 489.37 489.26 489.15 489.03 488.91 488.79 488.67 488.54 488.41 488.28 488.14 488.00 487.86 487.72 487.58 487.43 487.28 487.13 486.98 486.82 486.98 487.13 487.28 487.43 487.58 487.72 487.86 488.00 488.14 488.28 488.41 488.54 488.67 488.79 488.91 489.03 489.15 489.26 489.37 489.47 489.58 489.68 489.77 489.87 489.96 490.04 490.12 490.20 490.27 490.34 490.40 490.45 490.50 490.54
490.30 490.28 490.25 490.21 490.16 490.10 490.04 489.97 489.90 489.82 489.74 489.66 489.57 489.47 489.37 489.27 489.17 489.06 488.95 488.84 488.72 488.60 488.48 488.35 488.22 488.09 487.96 487.82 487.68 487.54 487.40 487.25 487.10 486.95 486.80 486.64 486.48 486.64 486.80 486.95 487.10 487.25 487.40 487.54 487.68 487.82 487.96 488.09 488.22 488.35 488.48 488.60 488.72 488.84 488.95 489.06 489.17 489.27 489.37 489.47 489.57 489.66 489.74 489.82 489.90 489.97 490.04 490.10 490.16 490.21 490.25
490.00 489.99 489.95 489.91 489.86 489.80 489.74 489.67 489.60 489.52 489.44 489.35 489.26 489.17 489.07 488.96 488.86 488.75 488.64 488.52 488.40 488.28 488.16 488.03 487.90 487.77 487.63 487.49 487.35 487.21 487.06 486.92 486.77 486.61 486.46 486.30 486.14 486.30 486.46 486.61 486.77 486.92 487.06 487.21 487.35 487.49 487.63 487.77 487.90 488.03 488.16 488.28 488.40 488.52 488.64 488.75 488.86 488.96 489.07 489.17 489.26 489.35 489.44 489.52 489.60 489.67 489.74 489.80 489.86 489.91 489.95
489.70 489.68 489.65 489.61 489.56 489.50 489.44 489.37 489.29 489.21 489.13 489.04 488.95 488.85 488.75 488.65 488.54 488.43 488.32 488.20 488.08 487.96 487.83 487.71 487.57 487.44 487.30 487.16 487.02 486.88 486.73 486.58 486.43 486.27 486.11 485.96 485.79 485.96 486.11 486.27 486.43 486.58 486.73 486.88 487.02 487.16 487.30 487.44 487.57 487.71 487.83 487.96 488.08 488.20 488.32 488.43 488.54 488.65 488.75 488.85 488.95 489.04 489.13 489.21 489.29 489.37 489.44 489.50 489.56 489.61 489.65
489.39 489.38 489.34 489.30 489.25 489.19 489.13 489.06 488.98 488.90 488.82 488.73 488.63 488.54 488.44 488.33 488.22 488.11 488.00 487.88 487.76 487.63 487.51 487.38 487.24 487.11 486.97 486.83 486.68 486.54 486.39 486.24 486.08 485.93 485.77 485.61 485.44 485.61 485.77 485.93 486.08 486.24 486.39 486.54 486.68 486.83 486.97 487.11 487.24 487.38 487.51 487.63 487.76 487.88 488.00 488.11 488.22 488.33 488.44 488.54 488.63 488.73 488.82 488.90 488.98 489.06 489.13 489.19 489.25 489.30 489.34
489.08 489.06 489.03 488.99 488.93 488.87 488.81 488.74 488.66 488.58 488.50 488.41 488.31 488.21 488.11 488.01 487.90 487.78 487.67 487.55 487.43 487.30 487.17 487.04 486.91 486.77 486.63 486.49 486.34 486.19 486.04 485.89 485.73 485.57 485.41 485.25 485.08 485.25 485.41 485.57 485.73 485.89 486.04 486.19 486.34 486.49 486.63 486.77 486.91 487.04 487.17 487.30 487.43 487.55 487.67 487.78 487.90 488.01 488.11 488.21 488.31 488.41 488.50 488.58 488.66 488.74 488.81 488.87 488.93 488.99 489.03
488.76 488.74 488.71 488.66 488.61 488.55 488.49 488.42 488.34 488.26 488.17 488.08 487.98 487.89 487.78 487.68 487.57 487.45 487.33 487.21 487.09 486.96 486.83 486.70 486.56 486.42 486.28 486.14 485.99 485.84 485.69 485.53 485.38 485.22 485.05 484.89 484.72 484.89 485.05 485.22 485.38 485.53 485.69 485.84 485.99 486.14 486.28 486.42 486.56 486.70 486.83 486.96 487.09 487.21 487.33 487.45 487.57 487.68 487.78 487.89 487.98 488.08 488.17 488.26 488.34 488.42 488.49 488.55 488.61 488.66 488.71
488.44 488.42 488.38 488.34 488.29 488.22 488.16 488.09 488.01 487.93 487.84 487.75 487.65 487.55 487.45 487.34 487.23 487.11 486.99 486.87 486.75 486.62 486.49 486.35 486.21 486.07 485.93 485.78 485.64 485.48 485.33 485.17 485.01 484.85 484.69 484.52 484.35 484.52 484.69 484.85 485.01 485.17 485.33 485.48 485.64 485.78 485.93 486.07 486.21 486.35 486.49 486.62 486.75 486.87 486.99 487.11 487.23 487.34 487.45 487.55 487.65 487.75 487.84 487.93 488.01 488.09 488.16 488.22 488.29 488.34 488.38
488.10 488.08 488.05 488.00 487.95 487.89 487.82 487.75 487.67 487.59 487.50 487.41 487.31 487.21 487.10 486.99 486.88 486.77 486.65 486.52 486.40 486.27 486.13 486.00 485.86 485.72 485.57 485.42 485.27 485.12 484.97 484.81 484.65 484.48 484.32 484.15 483.98 484.15 484.32 484.48 484.65 484.81 484.97 485.12 485.27 485.42 485.57 485.72 485.86 486.00 486.13 486.27 486.40 486.52 486.65 486.77 486.88 486.99 487.10 487.21 487.31 487.41 487.50 487.59 487.67 487.75 487.82 487.89 487.95 488.00 488.05
487.76 487.74 487.71 487.66 487.61 487.55 487.48 487.41 487.33 487.24 487.15 487.06 486.96 486.86 486.75 486.64 486.53 486.41 486.29 486.17 486.04 485.91 485.77 485.64 485.50 485.35 485.21 485.06 484.91 484.75 484.59 484.43 484.27 484.11 483.94 483.77 483.60 483.77 483.94 484.11 484.27 484.43 484.59 484.75 484.91 485.06 485.21 485.35 485.50 485.64 485.77 485.91 486.04 486.17 486.29 486.41 486.53 486.64 486.75 486.86 486.96 487.06 487.15 487.24 487.33 487.41 487.48 487.55 487.61 487.66 487.71
487.42 487.40 487.36 487.31 487.26 487.20 487.13 487.06 486.98 486.89 486.80 486.71 486.61 486.50 486.40 486.28 486.17 486.05 485.93 485.80 485.67 485.54 485.41 485.27 485.13 484.98 484.83 484.68 484.53 484.37 484.21 484.05 483.89 483.72 483.55 483.38 483.21 483.38 483.55 483.72 483.89 484.05 484.21 484.37 484.53 484.68 484.83 484.98 485.13 485.27 485.41 485.54 485.67 485.80 485.93 486.05 486.17 486.28 486.40 486.50 486.61 486.71 486.80 486.89 486.98 487.06 487.13 487.20 487.26 487.31 487.36
487.06 487.04 487.00 486.96 486.90 486.84 486.77 486.70 486.61 486.53 486.44 486.34 486.24 486.14 486.03 485.92 485.80 485.68 485.56 485.43 485.30 485.17 485.03 484.89 484.75 484.60 484.45 484.30 484.15 483.99 483.83 483.66 483.50 483.33 483.16 482.99 482.81 482.99 483.16 483.33 483.50 483.66 483.83 483.99 484.15 484.30 484.45 484.60 484.75 484.89 485.03 485.17 485.30 485.43 485.56 485.68 485.80 485.92 486.03 486.14 486.24 486.34 486.44 486.53 486.61 486.70 486.77 486.84 486.90 486.96 487.00
486.69 486.68 486.64 486.59 486.54 486.47 486.40 486.33 486.25 486.16 486.07 485.97 485.87 485.76 485.65 485.54 485.42 485.30 485.18 485.05 484.92 484.78 484.65 484.50 484.36 484.21 484.06 483.91 483.75 483.59 483.43 483.27 483.10 482.93 482.76 482.58 482.41 482.58 482.76 482.93 483.10 483.27 483.43 483.59 483.75 483.91 484.06 484.21 484.36 484.50 484.65 484.78 484.92 485.05 485.18 485.30 485.42 485.54 485.65 485.76 485.87 485.97 486.07 486.16 486.25 486.33 486.40 486.47 486.54 486.59 486.64
486.32 486.30 486.26 486.22 486.16 486.10 486.03 485.95 485.87 485.78 485.69 485.59 485.49 485.38 485.27 485.16 485.04 484.91 484.79 484.66 484.53 484.39 484.25 484.11 483.96 483.81 483.66 483.51 483.35 483.19 483.03 482.86 482.69 482.52 482.35 482.17 481.99 482.17 482.35 482.52 482.69 482.86 483.03 483.19 483.35 483.51 483.66 483.81 483.96 484.11 484.25 484.39 484.53 484.66 484.79 484.91 485.04 485.16 485.27 485.38 485.49 485.59 485.69 485.78 485.87 485.95 486.03 486.10 486.16 486.22 486.26
485.93 485.91 485.88 485.83 485.77 485.71 485.64 485.56 485.48 485.39 485.29 485.20 485.09 484.99 484.87 484.76 484.64 484.52 484.39 484.26 484.12 483.99 483.85 483.70 483.56 483.41 483.25 483.10 482.94 482.77 482.61 482.44 482.27 482.10 481.92 481.75 481.56 481.75 481.92 482.10 482.27 482.44 482.61 482.77 482.94 483.10 483.25 483.41 483.56 483.70 483.85 483.99 484.12 484.26 484.39 484.52 484.64 484.76 484.87 484.99 485.09 485.20 485.29 485.39 485.48 485.56 485.64 485.71 485.77 485.83 485.88
485.54 485.52 485.48 485.43 485.37 485.31 485.24 485.16 485.08 484.99 484.89 484.79 484.69 484.58 484.47 484.35 484.23 484.11 483.98 483.85 483.71 483.57 483.43 483.29 483.14 482.99 482.83 482.67 482.51 482.35 482.18 482.01 481.84 481.67 481.49 481.31 481.13 481.31 481.49 481.67 481.84 482.01 482.18 482.35 482.51 482.67 482.83 482.99 483.14 483.29 483.43 483.57 483.71 483.85 483.98 484.11 484.23 484.35 484.47 484.58 484.69 484.79 484.89 484.99 485.08 485.16 485.24 485.31 485.37 485.43 485.48
485.13 485.11 485.07 485.02 484.96 484.90 484.83 484.75 484.66 484.57 484.48 484.38 484.27 484.16 484.05 483.93 483.81 483.68 483.56 483.42 483.29 483.15 483.00 482.86 482.71 482.55 482.40 482.24 482.08 481.91 481.74 481.57 481.40 481.22 481.04 480.86 480.68 480.86 481.04 481.22 481.40 481.57 481.74 481.91 482.08 482.24 482.40 482.55 482.71 482.86 483.00 483.15 483.29 483.42 483.56 483.68 483.81 483.93 484.05 484.16 484.27 484.38 484.48 484.57 484.66 484.75 484.83 484.90 484.96 485.02 485.07
484.70 484.68 484.65 484.60 484.54 484.47 484.40 484.32 484.23 484.14 484.05 483.95 483.84 483.73 483.62 483.50 483.37 483.25 483.12 482.98 482.85 482.71 482.56 482.41 482.26 482.11 481.95 481.79 481.63 481.46 481.29 481.12 480.94 480.77 480.59 480.40 480.22 480.40 480.59 480.77 480.94 481.12 481.29 481.46 481.63 481.79 481.95 482.11 482.26 482.41 482.56 482.71 482.85 482.98 483.12 483.25 483.37 483.50 483.62 483.73 483.84 483.95 484.05 484.14 484.23 484.32 484.40 484.47 484.54 484.60 484.65
484.27 484.24 484.21 484.16 484.10 484.03 483.96 483.88 483.79 483.70 483.60 483.50 483.39 483.28 483.17 483.05 482.92 482.80 482.67 482.53 482.39 482.25 482.10 481.95 481.80 481.65 481.49 481.33 481.16 480.99 480.82 480.65 480.47 480.29 480.11 479.93 479.74 479.93 480.11 480.29 480.47 480.65 480.82 480.99 481.16 481.33 481.49 481.65 481.80 481.95 482.10 482.25 482.39 482.53 482.67 482.80 482.92 483.05 483.17 483.28 483.39 483.50 483.60 483.70 483.79 483.88 483.96 484.03 484.10 484.16 484.21
483.81 483.79 483.75 483.70 483.64 483.57 483.50 483.42 483.33 483.24 483.14 483.04 482.93 482.82 482.70 482.58 482.46 482.33 482.20 482.06 481.92 481.78 481.63 481.48 481.33 481.17 481.01 480.85 480.68 480.51 480.34 480.16 479.98 479.80 479.62 479.43 479.25 479.43 479.62 479.80 479.98 480.16 480.34 480.51 480.68 480.85 481.01 481.17 481.33 481.48 481.63 481.78 481.92 482.06 482.20 482.33 482.46 482.58 482.70 482.82 482.93 483.04 483.14 483.24 483.33 483.42 483.50 483.57 483.64 483.70 483.75
483.33 483.31 483.27 483.22 483.16 483.10 483.02 482.94 482.85 482.76 482.66 482.56 482.45 482.34 482.22 482.10 481.97 481.84 481.71 481.57 481.43 481.28 481.14 480.98 480.83 480.67 480.51 480.34 480.18 480.01 479.83 479.66 479.48 479.30 479.11 478.92 478.73 478.92 479.11 479.30 479.48 479.66 479.83 480.01 480.18 480.34 480.51 480.67 480.83 480.98 481.14 481.28 481.43 481.57 481.71 481.84 481.97 482.10 482.22 482.34 482.45 482.56 482.66 482.76 482.85 482.94 483.02 483.10 483.16 483.22 483.27
482.84 482.81 482.78 482.72 482.66 482.60 482.52 482.44 482.35 482.26 482.16 482.05 481.94 481.83 481.71 481.59 481.46 481.33 481.20 481.06 480.92 480.77 480.62 480.47 480.31 480.15 479.99 479.82 479.65 479.48 479.31 479.13 478.95 478.76 478.58 478.39 478.20 478.39 478.58 478.76 478.95 479.13 479.31 479.48 479.65 479.82 479.99 480.15 480.31 480.47 480.62 480.77 480.92 481.06 481.20 481.33 481.46 481.59 481.71 481.83 481.94 482.05 482.16 482.26 482.35 482.44 482.52 482.60 482.66 482.72 482.78
482.31 482.29 482.25 482.20 482.14 482.07 481.99 481.91 481.82 481.73 481.63 481.52 481.41 481.30 481.18 481.06 480.93 480.80 480.66 480.52 480.38 480.23 480.08 479.92 479.77 479.61 479.44 479.28 479.11 478.93 478.76 478.58 478.39 478.21 478.02 477.83 477.64 477.83 478.02 478.21 478.39 478.58 478.76 478.93 479.11 479.28 479.44 479.61 479.77 479.92 480.08 480.23 480.38 480.52 480.66 480.80 480.93 481.06 481.18 481.30 481.41 481.52 481.63 481.73 481.82 481.91 481.99 482.07 482.14 482.20 482.25
481.76 481.74 481.70 481.65 481.59 481.52 481.44 481.36 481.27 481.17 481.07 480.96 480.85 480.74 480.62 480.49 480.36 480.23 480.09 479.95 479.81 479.66 479.51 479.35 479.19 479.03 478.87 478.70 478.53 478.35 478.17 477.99 477.81 477.62 477.43 477.24 477.05 477.24 477.43 477.62 477.81 477.99 478.17 478.35 478.53 478.70 478.87 479.03 479.19 479.35 479.51 479.66 479.81 479.95 480.09 480.23 480.36 480.49 480.62 480.74 480.85 480.96 481.07 481.17 481.27 481.36 481.44 481.52 481.59 481.65 481.70
