data/virtual_blocks/convex_parallel.asc
NCOLS 72
NROWS 72
XLLCORNER 1506552
YLLCORNER 5533496
CELLSIZE 4
NODATA_VALUE -9999
[rows 0 to 31 of 72, columns 0 to 70 of 72]
499.81 499.81 499.81 499.81 499.81 499.81 499.81 499.81 499.81 499.81 499.81 499.81 499.81 499.81 499.81 499.81 499.81 499.81 499.81 499.81 499.81 499.81 499.81 499.81 499.81 499.81 499.81 499.81 499.81 499.81 499.81 499.81 499.81 499.81 499.81 499.81 499.81 499.81 499.81 499.81 499.81 499.81 499.81 499.81 499.81 499.81 499.81 499.81 499.81 499.81 499.81 499.81 499.81 499.81 499.81 499.81 499.81 499.81 499.81 499.81 499.81 499.81 499.81 499.81 499.81 499.81 499.81 499.81 499.81 499.81 499.81
499.62 499.62 499.62 499.62 499.62 499.62 499.62 499.62 499.62 499.62 499.62 499.62 499.62 499.62 499.62 499.62 499.62 499.62 499.62 499.62 499.62 499.62 499.62 499.62 499.62 499.62 499.62 499.62 499.62 499.62 499.62 499.62 499.62 499.62 499.62 499.62 499.62 499.62 499.62 499.62 499.62 499.62 499.62 499.62 499.62 499.62 499.62 499.62 499.62 499.62 499.62 499.62 499.62 499.62 499.62 499.62 499.62 499.62 499.62 499.62 499.62 499.62 499.62 499.62 499.62 499.62 499.62 499.62 499.62 499.62 499.62
499.42 499.42 499.42 499.42 499.42 499.42 499.42 499.42 499.42 499.42 499.42 499.42 499.42 499.42 499.42 499.42 499.42 499.42 499.42 499.42 499.42 499.42 499.42 499.42 499.42 499.42 499.42 499.42 499.42 499.42 499.42 499.42 499.42 499.42 499.42 499.42 499.42 499.42 499.42 499.42 499.42 499.42 499.42 499.42 499.42 499.42 499.42 499.42 499.42 499.42 499.42 499.42 499.42 499.42 499.42 499.42 499.42 499.42 499.42 499.42 499.42 499.42 499.42 499.42 499.42 499.42 499.42 499.42 499.42 499.42 499.42
499.23 499.23 499.23 499.23 499.23 499.23 499.23 499.23 499.23 499.23 499.23 499.23 499.23 499.23 499.23 499.23 499.23 499.23 499.23 499.23 499.23 499.23 499.23 499.23 499.23 499.23 499.23 499.23 499.23 499.23 499.23 499.23 499.23 499.23 499.23 499.23 499.23 499.23 499.23 499.23 499.23 499.23 499.23 499.23 499.23 499.23 499.23 499.23 499.23 499.23 499.23 499.23 499.23 499.23 499.23 499.23 499.23 499.23 499.23 499.23 499.23 499.23 499.23 499.23 499.23 499.23 499.23 499.23 499.23 499.23 499.23
499.03 499.03 499.03 499.03 499.03 499.03 499.03 499.03 499.03 499.03 499.03 499.03 499.03 499.03 499.03 499.03 499.03 499.03 499.03 499.03 499.03 499.03 499.03 499.03 499.03 499.03 499.03 499.03 499.03 499.03 499.03 499.03 499.03 499.03 499.03 499.03 499.03 499.03 499.03 499.03 499.03 499.03 499.03 499.03 499.03 499.03 499.03 499.03 499.03 499.03 499.03 499.03 499.03 499.03 499.03 499.03 499.03 499.03 499.03 499.03 499.03 499.03 499.03 499.03 499.03 499.03 499.03 499.03 499.03 499.03 499.03
498.84 498.84 498.84 498.84 498.84 498.84 498.84 498.84 498.84 498.84 498.84 498.84 498.84 498.84 498.84 498.84 498.84 498.84 498.84 498.84 498.84 498.84 498.84 498.84 498.84 498.84 498.84 498.84 498.84 498.84 498.84 498.84 498.84 498.84 498.84 498.84 498.84 498.84 498.84 498.84 498.84 498.84 498.84 498.84 498.84 498.84 498.84 498.84 498.84 498.84 498.84 498.84 498.84 498.84 498.84 498.84 498.84 498.84 498.84 498.84 498.84 498.84 498.84 498.84 498.84 498.84 498.84 498.84 498.84 498.84 498.84
498.64 498.64 498.64 498.64 498.64 498.64 498.64 498.64 498.64 498.64 498.64 498.64 498.64 498.64 498.64 498.64 498.64 498.64 498.64 498.64 498.64 498.64 498.64 498.64 498.64 498.64 498.64 498.64 498.64 498.64 498.64 498.64 498.64 498.64 498.64 498.64 498.64 498.64 498.64 498.64 498.64 498.64 498.64 498.64 498.64 498.64 498.64 498.64 498.64 498.64 498.64 498.64 498.64 498.64 498.64 498.64 498.64 498.64 498.64 498.64 498.64 498.64 498.64 498.64 498.64 498.64 498.64 498.64 498.64 498.64 498.64
498.44 498.44 498.44 498.44 498.44 498.44 498.44 498.44 498.44 498.44 498.44 498.44 498.44 498.44 498.44 498.44 498.44 498.44 498.44 498.44 498.44 498.44 498.44 498.44 498.44 498.44 498.44 498.44 498.44 498.44 498.44 498.44 498.44 498.44 498.44 498.44 498.44 498.44 498.44 498.44 498.44 498.44 498.44 498.44 498.44 498.44 498.44 498.44 498.44 498.44 498.44 498.44 498.44 498.44 498.44 498.44 498.44 498.44 498.44 498.44 498.44 498.44 498.44 498.44 498.44 498.44 498.44 498.44 498.44 498.44 498.44
498.23 498.23 498.23 498.23 498.23 498.23 498.23 498.23 498.23 498.23 498.23 498.23 498.23 498.23 498.23 498.23 498.23 498.23 498.23 498.23 498.23 498.23 498.23 498.23 498.23 498.23 498.23 498.23 498.23 498.23 498.23 498.23 498.23 498.23 498.23 498.23 498.23 498.23 498.23 498.23 498.23 498.23 498.23 498.23 498.23 498.23 498.23 498.23 498.23 498.23 498.23 498.23 498.23 498.23 498.23 498.23 498.23 498.23 498.23 498.23 498.23 498.23 498.23 498.23 498.23 498.23 498.23 498.23 498.23 498.23 498.23
498.03 498.03 498.03 498.03 498.03 498.03 498.03 498.03 498.03 498.03 498.03 498.03 498.03 498.03 498.03 498.03 498.03 498.03 498.03 498.03 498.03 498.03 498.03 498.03 498.03 498.03 498.03 498.03 498.03 498.03 498.03 498.03 498.03 498.03 498.03 498.03 498.03 498.03 498.03 498.03 498.03 498.03 498.03 498.03 498.03 498.03 498.03 498.03 498.03 498.03 498.03 498.03 498.03 498.03 498.03 498.03 498.03 498.03 498.03 498.03 498.03 498.03 498.03 498.03 498.03 498.03 498.03 498.03 498.03 498.03 498.03
497.82 497.82 497.82 497.82 497.82 497.82 497.82 497.82 497.82 497.82 497.82 497.82 497.82 497.82 497.82 497.82 497.82 497.82 497.82 497.82 497.82 497.82 497.82 497.82 497.82 497.82 497.82 497.82 497.82 497.82 497.82 497.82 497.82 497.82 497.82 497.82 497.82 497.82 497.82 497.82 497.82 497.82 497.82 497.82 497.82 497.82 497.82 497.82 497.82 497.82 497.82 497.82 497.82 497.82 497.82 497.82 497.82 497.82 497.82 497.82 497.82 497.82 497.82 497.82 497.82 497.82 497.82 497.82 497.82 497.82 497.82
497.62 497.62 497.62 497.62 497.62 497.62 497.62 497.62 497.62 497.62 497.62 497.62 497.62 497.62 497.62 497.62 497.62 497.62 497.62 497.62 497.62 497.62 497.62 497.62 497.62 497.62 497.62 497.62 497.62 497.62 497.62 497.62 497.62 497.62 497.62 497.62 497.62 497.62 497.62 497.62 497.62 497.62 497.62 497.62 497.62 497.62 497.62 497.62 497.62 497.62 497.62 497.62 497.62 497.62 497.62 497.62 497.62 497.62 497.62 497.62 497.62 497.62 497.62 497.62 497.62 497.62 497.62 497.62 497.62 497.62 497.62
497.41 497.41 497.41 497.41 497.41 497.41 497.41 497.41 497.41 497.41 497.41 497.41 497.41 497.41 497.41 497.41 497.41 497.41 497.41 497.41 497.41 497.41 497.41 497.41 497.41 497.41 497.41 497.41 497.41 497.41 497.41 497.41 497.41 497.41 497.41 497.41 497.41 497.41 497.41 497.41 497.41 497.41 497.41 497.41 497.41 497.41 497.41 497.41 497.41 497.41 497.41 497.41 497.41 497.41 497.41 497.41 497.41 497.41 497.41 497.41 497.41 497.41 497.41 497.41 497.41 497.41 497.41 497.41 497.41 497.41 497.41
497.20 497.20 497.20 497.20 497.20 497.20 497.20 497.20 497.20 497.20 497.20 497.20 497.20 497.20 497.20 497.20 497.20 497.20 497.20 497.20 497.20 497.20 497.20 497.20 497.20 497.20 497.20 497.20 497.20 497.20 497.20 497.20 497.20 497.20 497.20 497.20 497.20 497.20 497.20 497.20 497.20 497.20 497.20 497.20 497.20 497.20 497.20 497.20 497.20 497.20 497.20 497.20 497.20 497.20 497.20 497.20 497.20 497.20 497.20 497.20 497.20 497.20 497.20 497.20 497.20 497.20 497.20 497.20 497.20 497.20 497.20
496.98 496.98 496.98 496.98 496.98 496.98 496.98 496.98 496.98 496.98 496.98 496.98 496.98 496.98 496.98 496.98 496.98 496.98 496.98 496.98 496.98 496.98 496.98 496.98 496.98 496.98 496.98 496.98 496.98 496.98 496.98 496.98 496.98 496.98 496.98 496.98 496.98 496.98 496.98 496.98 496.98 496.98 496.98 496.98 496.98 496.98 496.98 496.98 496.98 496.98 496.98 496.98 496.98 496.98 496.98 496.98 496.98 496.98 496.98 496.98 496.98 496.98 496.98 496.98 496.98 496.98 496.98 496.98 496.98 496.98 496.98
496.77 496.77 496.77 496.77 496.77 496.77 496.77 496.77 496.77 496.77 496.77 496.77 496.77 496.77 496.77 496.77 496.77 496.77 496.77 496.77 496.77 496.77 496.77 496.77 496.77 496.77 496.77 496.77 496.77 496.77 496.77 496.77 496.77 496.77 496.77 496.77 496.77 496.77 496.77 496.77 496.77 496.77 496.77 496.77 496.77 496.77 496.77 496.77 496.77 496.77 496.77 496.77 496.77 496.77 496.77 496.77 496.77 496.77 496.77 496.77 496.77 496.77 496.77 496.77 496.77 496.77 496.77 496.77 496.77 496.77 496.77
496.55 496.55 496.55 496.55 496.55 496.55 496.55 496.55 496.55 496.55 496.55 496.55 496.55 496.55 496.55 496.55 496.55 496.55 496.55 496.55 496.55 496.55 496.55 496.55 496.55 496.55 496.55 496.55 496.55 496.55 496.55 496.55 496.55 496.55 496.55 496.55 496.55 496.55 496.55 496.55 496.55 496.55 496.55 496.55 496.55 496.55 496.55 496.55 496.55 496.55 496.55 496.55 496.55 496.55 496.55 496.55 496.55 496.55 496.55 496.55 496.55 496.55 496.55 496.55 496.55 496.55 496.55 496.55 496.55 496.55 496.55
496.33 496.33 496.33 496.33 496.33 496.33 496.33 496.33 496.33 496.33 496.33 496.33 496.33 496.33 496.33 496.33 496.33 496.33 496.33 496.33 496.33 496.33 496.33 496.33 496.33 496.33 496.33 496.33 496.33 496.33 496.33 496.33 496.33 496.33 496.33 496.33 496.33 496.33 496.33 496.33 496.33 496.33 496.33 496.33 496.33 496.33 496.33 496.33 496.33 496.33 496.33 496.33 496.33 496.33 496.33 496.33 496.33 496.33 496.33 496.33 496.33 496.33 496.33 496.33 496.33 496.33 496.33 496.33 496.33 496.33 496.33
496.11 496.11 496.11 496.11 496.11 496.11 496.11 496.11 496.11 496.11 496.11 496.11 496.11 496.11 496.11 496.11 496.11 496.11 496.11 496.11 496.11 496.11 496.11 496.11 496.11 496.11 496.11 496.11 496.11 496.11 496.11 496.11 496.11 496.11 496.11 496.11 496.11 496.11 496.11 496.11 496.11 496.11 496.11 496.11 496.11 496.11 496.11 496.11 496.11 496.11 496.11 496.11 496.11 496.11 496.11 496.11 496.11 496.11 496.11 496.11 496.11 496.11 496.11 496.11 496.11 496.11 496.11 496.11 496.11 496.11 496.11
495.89 495.89 495.89 495.89 495.89 495.89 495.89 495.89 495.89 495.89 495.89 495.89 495.89 495.89 495.89 495.89 495.89 495.89 495.89 495.89 495.89 495.89 495.89 495.89 495.89 495.89 495.89 495.89 495.89 495.89 495.89 495.89 495.89 495.89 495.89 495.89 495.89 495.89 495.89 495.89 495.89 495.89 495.89 495.89 495.89 495.89 495.89 495.89 495.89 495.89 495.89 495.89 495.89 495.89 495.89 495.89 495.89 495.89 495.89 495.89 495.89 495.89 495.89 495.89 495.89 495.89 495.89 495.89 495.89 495.89 495.89
495.67 495.67 495.67 495.67 495.67 495.67 495.67 495.67 495.67 495.67 495.67 495.67 495.67 495.67 495.67 495.67 495.67 495.67 495.67 495.67 495.67 495.67 495.67 495.67 495.67 495.67 495.67 495.67 495.67 495.67 495.67 495.67 495.67 495.67 495.67 495.67 495.67 495.67 495.67 495.67 495.67 495.67 495.67 495.67 495.67 495.67 495.67 495.67 495.67 495.67 495.67 495.67 495.67 495.67 495.67 495.67 495.67 495.67 495.67 495.67 495.67 495.67 495.67 495.67 495.67 495.67 495.67 495.67 495.67 495.67 495.67
495.44 495.44 495.44 495.44 495.44 495.44 495.44 495.44 495.44 495.44 495.44 495.44 495.44 495.44 495.44 495.44 495.44 495.44 495.44 495.44 495.44 495.44 495.44 495.44 495.44 495.44 495.44 495.44 495.44 495.44 495.44 495.44 495.44 495.44 495.44 495.44 495.44 495.44 495.44 495.44 495.44 495.44 495.44 495.44 495.44 495.44 495.44 495.44 495.44 495.44 495.44 495.44 495.44 495.44 495.44 495.44 495.44 495.44 495.44 495.44 495.44 495.44 495.44 495.44 495.44 495.44 495.44 495.44 495.44 495.44 495.44
495.21 495.21 495.21 495.21 495.21 495.21 495.21 495.21 495.21 495.21 495.21 495.21 495.21 495.21 495.21 495.21 495.21 495.21 495.21 495.21 495.21 495.21 495.21 495.21 495.21 495.21 495.21 495.21 495.21 495.21 495.21 495.21 495.21 495.21 495.21 495.21 495.21 495.21 495.21 495.21 495.21 495.21 495.21 495.21 495.21 495.21 495.21 495.21 495.21 495.21 495.21 495.21 495.21 495.21 495.21 495.21 495.21 495.21 495.21 495.21 495.21 495.21 495.21 495.21 495.21 495.21 495.21 495.21 495.21 495.21 495.21
494.98 494.98 494.98 494.98 494.98 494.98 494.98 494.98 494.98 494.98 494.98 494.98 494.98 494.98 494.98 494.98 494.98 494.98 494.98 494.98 494.98 494.98 494.98 494.98 494.98 494.98 494.98 494.98 494.98 494.98 494.98 494.98 494.98 494.98 494.98 494.98 494.98 494.98 494.98 494.98 494.98 494.98 494.98 494.98 494.98 494.98 494.98 494.98 494.98 494.98 494.98 494.98 494.98 494.98 494.98 494.98 494.98 494.98 494.98 494.98 494.98 494.98 494.98 494.98 494.98 494.98 494.98 494.98 494.98 494.98 494.98
494.75 494.75 494.75 494.75 494.75 494.75 494.75 494.75 494.75 494.75 494.75 494.75 494.75 494.75 494.75 494.75 494.75 494.75 494.75 494.75 494.75 494.75 494.75 494.75 494.75 494.75 494.75 494.75 494.75 494.75 494.75 494.75 494.75 494.75 494.75 494.75 494.75 494.75 494.75 494.75 494.75 494.75 494.75 494.75 494.75 494.75 494.75 494.75 494.75 494.75 494.75 494.75 494.75 494.75 494.75 494.75 494.75 494.75 494.75 494.75 494.75 494.75 494.75 494.75 494.75 494.75 494.75 494.75 494.75 494.75 494.75
494.51 494.51 494.51 494.51 494.51 494.51 494.51 494.51 494.51 494.51 494.51 494.51 494.51 494.51 494.51 494.51 494.51 494.51 494.51 494.51 494.51 494.51 494.51 494.51 494.51 494.51 494.51 494.51 494.51 494.51 494.51 494.51 494.51 494.51 494.51 494.51 494.51 494.51 494.51 494.51 494.51 494.51 494.51 494.51 494.51 494.51 494.51 494.51 494.51 494.51 494.51 494.51 494.51 494.51 494.51 494.51 494.51 494.51 494.51 494.51 494.51 494.51 494.51 494.51 494.51 494.51 494.51 494.51 494.51 494.51 494.51
494.27 494.27 494.27 494.27 494.27 494.27 494.27 494.27 494.27 494.27 494.27 494.27 494.27 494.27 494.27 494.27 494.27 494.27 494.27 494.27 494.27 494.27 494.27 494.27 494.27 494.27 494.27 494.27 494.27 494.27 494.27 494.27 494.27 494.27 494.27 494.27 494.27 494.27 494.27 494.27 494.27 494.27 494.27 494.27 494.27 494.27 494.27 494.27 494.27 494.27 494.27 494.27 494.27 494.27 494.27 494.27 494.27 494.27 494.27 494.27 494.27 494.27 494.27 494.27 494.27 494.27 494.27 494.27 494.27 494.27 494.27
494.03 494.03 494.03 494.03 494.03 494.03 494.03 494.03 494.03 494.03 494.03 494.03 494.03 494.03 494.03 494.03 494.03 494.03 494.03 494.03 494.03 494.03 494.03 494.03 494.03 494.03 494.03 494.03 494.03 494.03 494.03 494.03 494.03 494.03 494.03 494.03 494.03 494.03 494.03 494.03 494.03 494.03 494.03 494.03 494.03 494.03 494.03 494.03 494.03 494.03 494.03 494.03 494.03 494.03 494.03 494.03 494.03 494.03 494.03 494.03 494.03 494.03 494.03 494.03 494.03 494.03 494.03 494.03 494.03 494.03 494.03
493.78 493.78 493.78 493.78 493.78 493.78 493.78 493.78 493.78 493.78 493.78 493.78 493.78 493.78 493.78 493.78 493.78 493.78 493.78 493.78 493.78 493.78 493.78 493.78 493.78 493.78 493.78 493.78 493.78 493.78 493.78 493.78 493.78 493.78 493.78 493.78 493.78 493.78 493.78 493.78 493.78 493.78 493.78 493.78 493.78 493.78 493.78 493.78 493.78 493.78 493.78 493.78 493.78 493.78 493.78 493.78 493.78 493.78 493.78 493.78 493.78 493.78 493.78 493.78 493.78 493.78 493.78 493.78 493.78 493.78 493.78
493.54 493.54 493.54 493.54 493.54 493.54 493.54 493.54 493.54 493.54 493.54 493.54 493.54 493.54 493.54 493.54 493.54 493.54 493.54 493.54 493.54 493.54 493.54 493.54 493.54 493.54 493.54 493.54 493.54 493.54 493.54 493.54 493.54 493.54 493.54 493.54 493.54 493.54 493.54 493.54 493.54 493.54 493.54 493.54 493.54 493.54 493.54 493.54 493.54 493.54 493.54 493.54 493.54 493.54 493.54 493.54 493.54 493.54 493.54 493.54 493.54 493.54 493.54 493.54 493.54 493.54 493.54 493.54 493.54 493.54 493.54
493.29 493.29 493.29 493.29 493.29 493.29 493.29 493.29 493.29 493.29 493.29 493.29 493.29 493.29 493.29 493.29 493.29 493.29 493.29 493.29 493.29 493.29 493.29 493.29 493.29 493.29 493.29 493.29 493.29 493.29 493.29 493.29 493.29 493.29 493.29 493.29 493.29 493.29 493.29 493.29 493.29 493.29 493.29 493.29 493.29 493.29 493.29 493.29 493.29 493.29 493.29 493.29 493.29 493.29 493.29 493.29 493.29 493.29 493.29 493.29 493.29 493.29 493.29 493.29 493.29 493.29 493.29 493.29 493.29 493.29 493.29
493.03 493.03 493.03 493.03 493.03 493.03 493.03 493.03 493.03 493.03 493.03 493.03 493.03 493.03 493.03 493.03 493.03 493.03 493.03 493.03 493.03 493.03 493.03 493.03 493.03 493.03 493.03 493.03 493.03 493.03 493.03 493.03 493.03 493.03 493.03 493.03 493.03 493.03 493.03 493.03 493.03 493.03 493.03 493.03 493.03 493.03 493.03 493.03 493.03 493.03 493.03 493.03 493.03 493.03 493.03 493.03 493.03 493.03 493.03 493.03 493.03 493.03 493.03 493.03 493.03 493.03 493.03 493.03 493.03 493.03 493.03
