data/virtual_blocks/plane_convergent.asc
NCOLS 72
NROWS 72
XLLCORNER 1506552
YLLCORNER 5533496
CELLSIZE 4
NODATA_VALUE -9999
[rows 32 to 63 of 72, columns 0 to 70 of 72]
487.46 487.44 487.42 487.38 487.33 487.28 487.23 487.17 487.11 487.04 486.96 486.89 486.81 486.73 486.64 486.55 486.46 486.36 486.26 486.16 486.06 485.95 485.84 485.73 485.62 485.50 485.38 485.26 485.14 485.01 484.88 484.76 484.62 484.49 484.35 484.22 484.07 484.22 484.35 484.49 484.62 484.76 484.88 485.01 485.14 485.26 485.38 485.50 485.62 485.73 485.84 485.95 486.06 486.16 486.26 486.36 486.46 486.55 486.64 486.73 486.81 486.89 486.96 487.04 487.11 487.17 487.23 487.28 487.33 487.38 487.42
487.08 487.06 487.04 487.00 486.95 486.90 486.85 486.79 486.72 486.65 486.58 486.50 486.42 486.33 486.25 486.16 486.06 485.97 485.87 485.76 485.66 485.55 485.44 485.33 485.21 485.09 484.97 484.85 484.72 484.60 484.47 484.33 484.20 484.06 483.93 483.79 483.64 483.79 483.93 484.06 484.20 484.33 484.47 484.60 484.72 484.85 484.97 485.09 485.21 485.33 485.44 485.55 485.66 485.76 485.87 485.97 486.06 486.16 486.25 486.33 486.42 486.50 486.58 486.65 486.72 486.79 486.85 486.90 486.95 487.00 487.04
486.70 486.68 486.65 486.62 486.57 486.52 486.46 486.40 486.33 486.26 486.19 486.11 486.03 485.94 485.85 485.76 485.67 485.57 485.47 485.36 485.26 485.15 485.03 484.92 484.80 484.68 484.56 484.44 484.31 484.18 484.05 483.91 483.78 483.64 483.50 483.36 483.21 483.36 483.50 483.64 483.78 483.91 484.05 484.18 484.31 484.44 484.56 484.68 484.80 484.92 485.03 485.15 485.26 485.36 485.47 485.57 485.67 485.76 485.85 485.94 486.03 486.11 486.19 486.26 486.33 486.40 486.46 486.52 486.57 486.62 486.65
486.32 486.30 486.27 486.23 486.19 486.14 486.08 486.02 485.95 485.88 485.80 485.72 485.64 485.55 485.46 485.37 485.27 485.17 485.07 484.96 484.86 484.74 484.63 484.51 484.40 484.27 484.15 484.02 483.89 483.76 483.63 483.49 483.36 483.22 483.07 482.93 482.78 482.93 483.07 483.22 483.36 483.49 483.63 483.76 483.89 484.02 484.15 484.27 484.40 484.51 484.63 484.74 484.86 484.96 485.07 485.17 485.27 485.37 485.46 485.55 485.64 485.72 485.80 485.88 485.95 486.02 486.08 486.14 486.19 486.23 486.27
485.94 485.92 485.89 485.85 485.81 485.75 485.70 485.63 485.56 485.49 485.42 485.33 485.25 485.16 485.07 484.98 484.88 484.78 484.67 484.57 484.46 484.34 484.23 484.11 483.99 483.87 483.74 483.61 483.48 483.35 483.21 483.08 482.94 482.79 482.65 482.50 482.36 482.50 482.65 482.79 482.94 483.08 483.21 483.35 483.48 483.61 483.74 483.87 483.99 484.11 484.23 484.34 484.46 484.57 484.67 484.78 484.88 484.98 485.07 485.16 485.25 485.33 485.42 485.49 485.56 485.63 485.70 485.75 485.81 485.85 485.89
485.56 485.54 485.51 485.47 485.43 485.37 485.31 485.25 485.18 485.11 485.03 484.95 484.86 484.77 484.68 484.58 484.48 484.38 484.28 484.17 484.06 483.94 483.82 483.71 483.58 483.46 483.33 483.20 483.07 482.93 482.80 482.66 482.52 482.37 482.23 482.08 481.93 482.08 482.23 482.37 482.52 482.66 482.80 482.93 483.07 483.20 483.33 483.46 483.58 483.71 483.82 483.94 484.06 484.17 484.28 484.38 484.48 484.58 484.68 484.77 484.86 484.95 485.03 485.11 485.18 485.25 485.31 485.37 485.43 485.47 485.51
485.18 485.16 485.13 485.09 485.04 484.99 484.93 484.86 484.79 484.72 484.64 484.56 484.47 484.38 484.29 484.19 484.09 483.99 483.88 483.77 483.66 483.54 483.42 483.30 483.18 483.05 482.92 482.79 482.66 482.52 482.38 482.24 482.10 481.95 481.80 481.65 481.50 481.65 481.80 481.95 482.10 482.24 482.38 482.52 482.66 482.79 482.92 483.05 483.18 483.30 483.42 483.54 483.66 483.77 483.88 483.99 484.09 484.19 484.29 484.38 484.47 484.56 484.64 484.72 484.79 484.86 484.93 484.99 485.04 485.09 485.13
484.80 484.78 484.75 484.71 484.66 484.61 484.55 484.48 484.41 484.33 484.25 484.17 484.08 483.99 483.90 483.80 483.70 483.59 483.48 483.37 483.26 483.14 483.02 482.90 482.77 482.64 482.51 482.38 482.24 482.11 481.96 481.82 481.68 481.53 481.38 481.23 481.07 481.23 481.38 481.53 481.68 481.82 481.96 482.11 482.24 482.38 482.51 482.64 482.77 482.90 483.02 483.14 483.26 483.37 483.48 483.59 483.70 483.80 483.90 483.99 484.08 484.17 484.25 484.33 484.41 484.48 484.55 484.61 484.66 484.71 484.75
484.42 484.40 484.37 484.33 484.28 484.22 484.16 484.10 484.02 483.95 483.87 483.78 483.69 483.60 483.50 483.41 483.30 483.20 483.09 482.97 482.86 482.74 482.62 482.49 482.37 482.24 482.10 481.97 481.83 481.69 481.55 481.41 481.26 481.11 480.96 480.80 480.65 480.80 480.96 481.11 481.26 481.41 481.55 481.69 481.83 481.97 482.10 482.24 482.37 482.49 482.62 482.74 482.86 482.97 483.09 483.20 483.30 483.41 483.50 483.60 483.69 483.78 483.87 483.95 484.02 484.10 484.16 484.22 484.28 484.33 484.37
484.04 484.02 483.99 483.95 483.90 483.84 483.78 483.71 483.64 483.56 483.48 483.39 483.31 483.21 483.11 483.01 482.91 482.80 482.69 482.58 482.46 482.34 482.22 482.09 481.96 481.83 481.70 481.56 481.42 481.28 481.13 480.99 480.84 480.69 480.53 480.38 480.22 480.38 480.53 480.69 480.84 480.99 481.13 481.28 481.42 481.56 481.70 481.83 481.96 482.09 482.22 482.34 482.46 482.58 482.69 482.80 482.91 483.01 483.11 483.21 483.31 483.39 483.48 483.56 483.64 483.71 483.78 483.84 483.90 483.95 483.99
483.66 483.64 483.61 483.57 483.52 483.46 483.40 483.33 483.26 483.18 483.09 483.01 482.92 482.82 482.72 482.62 482.52 482.41 482.29 482.18 482.06 481.94 481.81 481.69 481.56 481.42 481.29 481.15 481.01 480.87 480.72 480.57 480.42 480.27 480.11 479.96 479.80 479.96 480.11 480.27 480.42 480.57 480.72 480.87 481.01 481.15 481.29 481.42 481.56 481.69 481.81 481.94 482.06 482.18 482.29 482.41 482.52 482.62 482.72 482.82 482.92 483.01 483.09 483.18 483.26 483.33 483.40 483.46 483.52 483.57 483.61
483.28 483.26 483.23 483.19 483.14 483.08 483.01 482.94 482.87 482.79 482.71 482.62 482.53 482.43 482.33 482.23 482.12 482.01 481.90 481.78 481.66 481.54 481.41 481.28 481.15 481.02 480.88 480.74 480.60 480.45 480.31 480.16 480.00 479.85 479.69 479.53 479.37 479.53 479.69 479.85 480.00 480.16 480.31 480.45 480.60 480.74 480.88 481.02 481.15 481.28 481.41 481.54 481.66 481.78 481.90 482.01 482.12 482.23 482.33 482.43 482.53 482.62 482.71 482.79 482.87 482.94 483.01 483.08 483.14 483.19 483.23
482.90 482.88 482.85 482.80 482.75 482.70 482.63 482.56 482.49 482.41 482.32 482.23 482.14 482.04 481.94 481.84 481.73 481.62 481.50 481.38 481.26 481.14 481.01 480.88 480.75 480.61 480.47 480.33 480.19 480.04 479.89 479.74 479.59 479.43 479.27 479.11 478.95 479.11 479.27 479.43 479.59 479.74 479.89 480.04 480.19 480.33 480.47 480.61 480.75 480.88 481.01 481.14 481.26 481.38 481.50 481.62 481.73 481.84 481.94 482.04 482.14 482.23 482.32 482.41 482.49 482.56 482.63 482.70 482.75 482.80 482.85
482.52 482.50 482.47 482.42 482.37 482.31 482.25 482.18 482.10 482.02 481.93 481.84 481.75 481.65 481.55 481.45 481.34 481.22 481.11 480.99 480.87 480.74 480.61 480.48 480.34 480.21 480.07 479.92 479.78 479.63 479.48 479.33 479.17 479.01 478.85 478.69 478.52 478.69 478.85 479.01 479.17 479.33 479.48 479.63 479.78 479.92 480.07 480.21 480.34 480.48 480.61 480.74 480.87 480.99 481.11 481.22 481.34 481.45 481.55 481.65 481.75 481.84 481.93 482.02 482.10 482.18 482.25 482.31 482.37 482.42 482.47
482.14 482.12 482.09 482.04 481.99 481.93 481.87 481.79 481.72 481.64 481.55 481.46 481.36 481.26 481.16 481.05 480.94 480.83 480.71 480.59 480.47 480.34 480.21 480.08 479.94 479.80 479.66 479.52 479.37 479.22 479.07 478.91 478.75 478.59 478.43 478.27 478.10 478.27 478.43 478.59 478.75 478.91 479.07 479.22 479.37 479.52 479.66 479.80 479.94 480.08 480.21 480.34 480.47 480.59 480.71 480.83 480.94 481.05 481.16 481.26 481.36 481.46 481.55 481.64 481.72 481.79 481.87 481.93 481.99 482.04 482.09
481.76 481.74 481.71 481.66 481.61 481.55 481.48 481.41 481.33 481.25 481.16 481.07 480.97 480.87 480.77 480.66 480.55 480.44 480.32 480.19 480.07 479.94 479.81 479.68 479.54 479.40 479.25 479.11 478.96 478.81 478.65 478.50 478.34 478.18 478.01 477.85 477.68 477.85 478.01 478.18 478.34 478.50 478.65 478.81 478.96 479.11 479.25 479.40 479.54 479.68 479.81 479.94 480.07 480.19 480.32 480.44 480.55 480.66 480.77 480.87 480.97 481.07 481.16 481.25 481.33 481.41 481.48 481.55 481.61 481.66 481.71
481.38 481.36 481.33 481.28 481.23 481.17 481.10 481.03 480.95 480.86 480.78 480.68 480.59 480.48 480.38 480.27 480.16 480.04 479.92 479.80 479.67 479.54 479.41 479.27 479.13 478.99 478.85 478.70 478.55 478.40 478.24 478.08 477.92 477.76 477.59 477.43 477.26 477.43 477.59 477.76 477.92 478.08 478.24 478.40 478.55 478.70 478.85 478.99 479.13 479.27 479.41 479.54 479.67 479.80 479.92 480.04 480.16 480.27 480.38 480.48 480.59 480.68 480.78 480.86 480.95 481.03 481.10 481.17 481.23 481.28 481.33
481.00 480.98 480.95 480.90 480.85 480.78 480.72 480.64 480.56 480.48 480.39 480.30 480.20 480.10 479.99 479.88 479.77 479.65 479.53 479.40 479.27 479.14 479.01 478.87 478.73 478.59 478.44 478.29 478.14 477.99 477.83 477.67 477.51 477.34 477.18 477.01 476.83 477.01 477.18 477.34 477.51 477.67 477.83 477.99 478.14 478.29 478.44 478.59 478.73 478.87 479.01 479.14 479.27 479.40 479.53 479.65 479.77 479.88 479.99 480.10 480.20 480.30 480.39 480.48 480.56 480.64 480.72 480.78 480.85 480.90 480.95
480.62 480.60 480.56 480.52 480.46 480.40 480.33 480.26 480.18 480.09 480.00 479.91 479.81 479.71 479.60 479.49 479.37 479.25 479.13 479.01 478.88 478.75 478.61 478.47 478.33 478.18 478.04 477.89 477.73 477.58 477.42 477.26 477.09 476.93 476.76 476.59 476.41 476.59 476.76 476.93 477.09 477.26 477.42 477.58 477.73 477.89 478.04 478.18 478.33 478.47 478.61 478.75 478.88 479.01 479.13 479.25 479.37 479.49 479.60 479.71 479.81 479.91 480.00 480.09 480.18 480.26 480.33 480.40 480.46 480.52 480.56
480.24 480.22 480.18 480.14 480.08 480.02 479.95 479.88 479.79 479.71 479.62 479.52 479.42 479.32 479.21 479.10 478.98 478.86 478.74 478.61 478.48 478.35 478.21 478.07 477.93 477.78 477.63 477.48 477.33 477.17 477.01 476.84 476.68 476.51 476.34 476.17 475.99 476.17 476.34 476.51 476.68 476.84 477.01 477.17 477.33 477.48 477.63 477.78 477.93 478.07 478.21 478.35 478.48 478.61 478.74 478.86 478.98 479.10 479.21 479.32 479.42 479.52 479.62 479.71 479.79 479.88 479.95 480.02 480.08 480.14 480.18
479.86 479.84 479.80 479.76 479.70 479.64 479.57 479.49 479.41 479.32 479.23 479.14 479.03 478.93 478.82 478.71 478.59 478.47 478.34 478.22 478.08 477.95 477.81 477.67 477.52 477.38 477.23 477.07 476.92 476.76 476.60 476.43 476.26 476.10 475.92 475.75 475.57 475.75 475.92 476.10 476.26 476.43 476.60 476.76 476.92 477.07 477.23 477.38 477.52 477.67 477.81 477.95 478.08 478.22 478.34 478.47 478.59 478.71 478.82 478.93 479.03 479.14 479.23 479.32 479.41 479.49 479.57 479.64 479.70 479.76 479.80
479.48 479.46 479.42 479.38 479.32 479.26 479.19 479.11 479.03 478.94 478.85 478.75 478.65 478.54 478.43 478.32 478.20 478.07 477.95 477.82 477.69 477.55 477.41 477.27 477.12 476.97 476.82 476.67 476.51 476.35 476.19 476.02 475.85 475.68 475.51 475.33 475.15 475.33 475.51 475.68 475.85 476.02 476.19 476.35 476.51 476.67 476.82 476.97 477.12 477.27 477.41 477.55 477.69 477.82 477.95 478.07 478.20 478.32 478.43 478.54 478.65 478.75 478.85 478.94 479.03 479.11 479.19 479.26 479.32 479.38 479.42
479.10 479.08 479.04 478.99 478.94 478.87 478.80 478.73 478.64 478.55 478.46 478.36 478.26 478.15 478.04 477.92 477.81 477.68 477.55 477.42 477.29 477.15 477.01 476.87 476.72 476.57 476.42 476.26 476.10 475.94 475.78 475.61 475.44 475.26 475.09 474.91 474.73 474.91 475.09 475.26 475.44 475.61 475.78 475.94 476.10 476.26 476.42 476.57 476.72 476.87 477.01 477.15 477.29 477.42 477.55 477.68 477.81 477.92 478.04 478.15 478.26 478.36 478.46 478.55 478.64 478.73 478.80 478.87 478.94 478.99 479.04
478.72 478.70 478.66 478.61 478.56 478.49 478.42 478.34 478.26 478.17 478.07 477.98 477.87 477.76 477.65 477.53 477.41 477.29 477.16 477.03 476.89 476.76 476.61 476.47 476.32 476.17 476.01 475.86 475.70 475.53 475.37 475.20 475.02 474.85 474.67 474.49 474.31 474.49 474.67 474.85 475.02 475.20 475.37 475.53 475.70 475.86 476.01 476.17 476.32 476.47 476.61 476.76 476.89 477.03 477.16 477.29 477.41 477.53 477.65 477.76 477.87 477.98 478.07 478.17 478.26 478.34 478.42 478.49 478.56 478.61 478.66
478.34 478.32 478.28 478.23 478.18 478.11 478.04 477.96 477.87 477.78 477.69 477.59 477.48 477.37 477.26 477.14 477.02 476.90 476.77 476.63 476.50 476.36 476.21 476.07 475.92 475.77 475.61 475.45 475.29 475.12 474.96 474.79 474.61 474.44 474.26 474.08 473.89 474.08 474.26 474.44 474.61 474.79 474.96 475.12 475.29 475.45 475.61 475.77 475.92 476.07 476.21 476.36 476.50 476.63 476.77 476.90 477.02 477.14 477.26 477.37 477.48 477.59 477.69 477.78 477.87 477.96 478.04 478.11 478.18 478.23 478.28
477.96 477.94 477.90 477.85 477.79 477.73 477.65 477.58 477.49 477.40 477.30 477.20 477.10 476.99 476.87 476.75 476.63 476.50 476.37 476.24 476.10 475.96 475.82 475.67 475.52 475.36 475.21 475.05 474.88 474.72 474.55 474.37 474.20 474.02 473.84 473.66 473.47 473.66 473.84 474.02 474.20 474.37 474.55 474.72 474.88 475.05 475.21 475.36 475.52 475.67 475.82 475.96 476.10 476.24 476.37 476.50 476.63 476.75 476.87 476.99 477.10 477.20 477.30 477.40 477.49 477.58 477.65 477.73 477.79 477.85 477.90
477.58 477.56 477.52 477.47 477.41 477.35 477.27 477.19 477.11 477.01 476.92 476.82 476.71 476.60 476.48 476.36 476.24 476.11 475.98 475.84 475.71 475.56 475.42 475.27 475.12 474.96 474.80 474.64 474.48 474.31 474.14 473.96 473.79 473.61 473.43 473.24 473.05 473.24 473.43 473.61 473.79 473.96 474.14 474.31 474.48 474.64 474.80 474.96 475.12 475.27 475.42 475.56 475.71 475.84 475.98 476.11 476.24 476.36 476.48 476.60 476.71 476.82 476.92 477.01 477.11 477.19 477.27 477.35 477.41 477.47 477.52
477.20 477.18 477.14 477.09 477.03 476.96 476.89 476.81 476.72 476.63 476.53 476.43 476.32 476.21 476.09 475.97 475.85 475.72 475.59 475.45 475.31 475.17 475.02 474.87 474.72 474.56 474.40 474.24 474.07 473.90 473.73 473.55 473.37 473.19 473.01 472.82 472.64 472.82 473.01 473.19 473.37 473.55 473.73 473.90 474.07 474.24 474.40 474.56 474.72 474.87 475.02 475.17 475.31 475.45 475.59 475.72 475.85 475.97 476.09 476.21 476.32 476.43 476.53 476.63 476.72 476.81 476.89 476.96 477.03 477.09 477.14
476.82 476.80 476.76 476.71 476.65 476.58 476.51 476.43 476.34 476.24 476.15 476.04 475.93 475.82 475.70 475.58 475.46 475.33 475.19 475.06 474.91 474.77 474.62 474.47 474.31 474.16 474.00 473.83 473.66 473.49 473.32 473.14 472.96 472.78 472.60 472.41 472.22 472.41 472.60 472.78 472.96 473.14 473.32 473.49 473.66 473.83 474.00 474.16 474.31 474.47 474.62 474.77 474.91 475.06 475.19 475.33 475.46 475.58 475.70 475.82 475.93 476.04 476.15 476.24 476.34 476.43 476.51 476.58 476.65 476.71 476.76
476.44 476.42 476.38 476.33 476.27 476.20 476.12 476.04 475.95 475.86 475.76 475.66 475.55 475.43 475.31 475.19 475.07 474.93 474.80 474.66 474.52 474.37 474.22 474.07 473.91 473.75 473.59 473.43 473.26 473.09 472.91 472.73 472.55 472.37 472.18 471.99 471.80 471.99 472.18 472.37 472.55 472.73 472.91 473.09 473.26 473.43 473.59 473.75 473.91 474.07 474.22 474.37 474.52 474.66 474.80 474.93 475.07 475.19 475.31 475.43 475.55 475.66 475.76 475.86 475.95 476.04 476.12 476.20 476.27 476.33 476.38
476.06 476.04 476.00 475.95 475.89 475.82 475.74 475.66 475.57 475.48 475.38 475.27 475.16 475.05 474.93 474.80 474.67 474.54 474.41 474.27 474.12 473.98 473.83 473.67 473.51 473.35 473.19 473.02 472.85 472.68 472.50 472.32 472.14 471.96 471.77 471.58 471.38 471.58 471.77 471.96 472.14 472.32 472.50 472.68 472.85 473.02 473.19 473.35 473.51 473.67 473.83 473.98 474.12 474.27 474.41 474.54 474.67 474.80 474.93 475.05 475.16 475.27 475.38 475.48 475.57 475.66 475.74 475.82 475.89 475.95 476.00
475.68 475.66 475.62 475.57 475.51 475.44 475.36 475.28 475.19 475.09 474.99 474.88 474.77 474.66 474.54 474.41 474.28 474.15 474.01 473.87 473.73 473.58 473.43 473.27 473.11 472.95 472.79 472.62 472.45 472.27 472.09 471.91 471.73 471.54 471.35 471.16 470.97 471.16 471.35 471.54 471.73 471.91 472.09 472.27 472.45 472.62 472.79 472.95 473.11 473.27 473.43 473.58 473.73 473.87 474.01 474.15 474.28 474.41 474.54 474.66 474.77 474.88 474.99 475.09 475.19 475.28 475.36 475.44 475.51 475.57 475.62
