data/virtual_blocks/plane_divergent.asc
NCOLS 72
NROWS 72
XLLCORNER 1506552
YLLCORNER 5533496
CELLSIZE 4
NODATA_VALUE -9999
[rows 0 to 31 of 72, columns 0 to 70 of 72]
499.62 499.62 499.63 499.63 499.64 499.65 499.66 499.67 499.68 499.69 499.71 499.72 499.73 499.75 499.76 499.78 499.79 499.81 499.83 499.85 499.86 499.88 499.90 499.92 499.94 499.96 499.98 500.00 500.02 500.05 500.07 500.09 500.11 500.14 500.16 500.18 500.21 500.18 500.16 500.14 500.11 500.09 500.07 500.05 500.02 500.00 499.98 499.96 499.94 499.92 499.90 499.88 499.86 499.85 499.83 499.81 499.79 499.78 499.76 499.75 499.73 499.72 499.71 499.69 499.68 499.67 499.66 499.65 499.64 499.63 499.63
499.24 499.24 499.25 499.26 499.27 499.28 499.30 499.31 499.33 499.34 499.36 499.38 499.40 499.42 499.44 499.46 499.49 499.51 499.53 499.56 499.59 499.61 499.64 499.67 499.69 499.72 499.75 499.78 499.81 499.84 499.87 499.91 499.94 499.97 500.00 500.04 500.07 500.04 500.00 499.97 499.94 499.91 499.87 499.84 499.81 499.78 499.75 499.72 499.69 499.67 499.64 499.61 499.59 499.56 499.53 499.51 499.49 499.46 499.44 499.42 499.40 499.38 499.36 499.34 499.33 499.31 499.30 499.28 499.27 499.26 499.25
498.86 498.86 498.87 498.88 498.90 498.91 498.93 498.95 498.97 498.99 499.01 499.03 499.06 499.08 499.11 499.13 499.16 499.19 499.22 499.25 499.28 499.31 499.35 499.38 499.42 499.45 499.49 499.52 499.56 499.60 499.64 499.68 499.72 499.76 499.80 499.84 499.88 499.84 499.80 499.76 499.72 499.68 499.64 499.60 499.56 499.52 499.49 499.45 499.42 499.38 499.35 499.31 499.28 499.25 499.22 499.19 499.16 499.13 499.11 499.08 499.06 499.03 499.01 498.99 498.97 498.95 498.93 498.91 498.90 498.88 498.87
498.48 498.49 498.50 498.51 498.52 498.54 498.56 498.58 498.60 498.63 498.65 498.68 498.71 498.74 498.77 498.80 498.83 498.86 498.90 498.93 498.97 499.01 499.04 499.08 499.12 499.16 499.20 499.25 499.29 499.33 499.38 499.42 499.47 499.51 499.56 499.61 499.66 499.61 499.56 499.51 499.47 499.42 499.38 499.33 499.29 499.25 499.20 499.16 499.12 499.08 499.04 499.01 498.97 498.93 498.90 498.86 498.83 498.80 498.77 498.74 498.71 498.68 498.65 498.63 498.60 498.58 498.56 498.54 498.52 498.51 498.50
498.10 498.11 498.12 498.13 498.15 498.17 498.19 498.21 498.24 498.26 498.29 498.32 498.35 498.39 498.42 498.45 498.49 498.53 498.57 498.61 498.65 498.69 498.73 498.77 498.82 498.86 498.91 498.96 499.00 499.05 499.10 499.15 499.20 499.26 499.31 499.36 499.42 499.36 499.31 499.26 499.20 499.15 499.10 499.05 499.00 498.96 498.91 498.86 498.82 498.77 498.73 498.69 498.65 498.61 498.57 498.53 498.49 498.45 498.42 498.39 498.35 498.32 498.29 498.26 498.24 498.21 498.19 498.17 498.15 498.13 498.12
497.72 497.73 497.74 497.75 497.77 497.79 497.82 497.84 497.87 497.90 497.93 497.96 498.00 498.03 498.07 498.11 498.15 498.19 498.23 498.27 498.32 498.36 498.41 498.46 498.51 498.56 498.61 498.66 498.71 498.76 498.82 498.87 498.93 498.99 499.04 499.10 499.16 499.10 499.04 498.99 498.93 498.87 498.82 498.76 498.71 498.66 498.61 498.56 498.51 498.46 498.41 498.36 498.32 498.27 498.23 498.19 498.15 498.11 498.07 498.03 498.00 497.96 497.93 497.90 497.87 497.84 497.82 497.79 497.77 497.75 497.74
497.34 497.35 497.36 497.38 497.40 497.42 497.45 497.47 497.50 497.53 497.57 497.60 497.64 497.68 497.72 497.76 497.80 497.85 497.89 497.94 497.99 498.03 498.08 498.14 498.19 498.24 498.30 498.35 498.41 498.47 498.53 498.59 498.65 498.71 498.77 498.83 498.90 498.83 498.77 498.71 498.65 498.59 498.53 498.47 498.41 498.35 498.30 498.24 498.19 498.14 498.08 498.03 497.99 497.94 497.89 497.85 497.80 497.76 497.72 497.68 497.64 497.60 497.57 497.53 497.50 497.47 497.45 497.42 497.40 497.38 497.36
496.96 496.97 496.98 497.00 497.02 497.05 497.07 497.10 497.13 497.17 497.20 497.24 497.28 497.32 497.36 497.41 497.45 497.50 497.55 497.60 497.65 497.70 497.76 497.81 497.87 497.92 497.98 498.04 498.10 498.17 498.23 498.29 498.36 498.42 498.49 498.56 498.63 498.56 498.49 498.42 498.36 498.29 498.23 498.17 498.10 498.04 497.98 497.92 497.87 497.81 497.76 497.70 497.65 497.60 497.55 497.50 497.45 497.41 497.36 497.32 497.28 497.24 497.20 497.17 497.13 497.10 497.07 497.05 497.02 497.00 496.98
496.58 496.59 496.60 496.62 496.65 496.67 496.70 496.73 496.77 496.80 496.84 496.88 496.92 496.96 497.01 497.06 497.10 497.15 497.20 497.26 497.31 497.37 497.42 497.48 497.54 497.60 497.67 497.73 497.79 497.86 497.92 497.99 498.06 498.13 498.20 498.27 498.35 498.27 498.20 498.13 498.06 497.99 497.92 497.86 497.79 497.73 497.67 497.60 497.54 497.48 497.42 497.37 497.31 497.26 497.20 497.15 497.10 497.06 497.01 496.96 496.92 496.88 496.84 496.80 496.77 496.73 496.70 496.67 496.65 496.62 496.60
496.20 496.21 496.22 496.24 496.27 496.30 496.33 496.36 496.40 496.43 496.47 496.51 496.56 496.60 496.65 496.70 496.75 496.80 496.86 496.91 496.97 497.03 497.09 497.15 497.21 497.28 497.34 497.41 497.48 497.55 497.62 497.69 497.76 497.84 497.91 497.99 498.06 497.99 497.91 497.84 497.76 497.69 497.62 497.55 497.48 497.41 497.34 497.28 497.21 497.15 497.09 497.03 496.97 496.91 496.86 496.80 496.75 496.70 496.65 496.60 496.56 496.51 496.47 496.43 496.40 496.36 496.33 496.30 496.27 496.24 496.22
495.82 495.83 495.85 495.87 495.89 495.92 495.95 495.99 496.02 496.06 496.11 496.15 496.20 496.24 496.29 496.35 496.40 496.45 496.51 496.57 496.63 496.69 496.75 496.82 496.88 496.95 497.02 497.09 497.16 497.23 497.31 497.38 497.46 497.54 497.61 497.69 497.77 497.69 497.61 497.54 497.46 497.38 497.31 497.23 497.16 497.09 497.02 496.95 496.88 496.82 496.75 496.69 496.63 496.57 496.51 496.45 496.40 496.35 496.29 496.24 496.20 496.15 496.11 496.06 496.02 495.99 495.95 495.92 495.89 495.87 495.85
495.44 495.45 495.47 495.49 495.52 495.55 495.58 495.62 495.65 495.70 495.74 495.78 495.83 495.88 495.94 495.99 496.04 496.10 496.16 496.22 496.29 496.35 496.42 496.48 496.55 496.62 496.69 496.77 496.84 496.92 496.99 497.07 497.15 497.23 497.31 497.40 497.48 497.40 497.31 497.23 497.15 497.07 496.99 496.92 496.84 496.77 496.69 496.62 496.55 496.48 496.42 496.35 496.29 496.22 496.16 496.10 496.04 495.99 495.94 495.88 495.83 495.78 495.74 495.70 495.65 495.62 495.58 495.55 495.52 495.49 495.47
495.06 495.07 495.09 495.11 495.14 495.17 495.20 495.24 495.28 495.33 495.37 495.42 495.47 495.52 495.58 495.63 495.69 495.75 495.81 495.87 495.94 496.01 496.07 496.14 496.22 496.29 496.36 496.44 496.52 496.60 496.68 496.76 496.84 496.92 497.01 497.10 497.18 497.10 497.01 496.92 496.84 496.76 496.68 496.60 496.52 496.44 496.36 496.29 496.22 496.14 496.07 496.01 495.94 495.87 495.81 495.75 495.69 495.63 495.58 495.52 495.47 495.42 495.37 495.33 495.28 495.24 495.20 495.17 495.14 495.11 495.09
494.68 494.69 494.71 494.73 494.76 494.79 494.83 494.87 494.91 494.96 495.00 495.05 495.10 495.16 495.21 495.27 495.33 495.40 495.46 495.53 495.59 495.66 495.73 495.81 495.88 495.96 496.03 496.11 496.19 496.27 496.36 496.44 496.53 496.62 496.70 496.79 496.88 496.79 496.70 496.62 496.53 496.44 496.36 496.27 496.19 496.11 496.03 495.96 495.88 495.81 495.73 495.66 495.59 495.53 495.46 495.40 495.33 495.27 495.21 495.16 495.10 495.05 495.00 494.96 494.91 494.87 494.83 494.79 494.76 494.73 494.71
494.30 494.31 494.33 494.35 494.38 494.42 494.46 494.50 494.54 494.59 494.63 494.69 494.74 494.80 494.85 494.91 494.98 495.04 495.11 495.18 495.25 495.32 495.39 495.47 495.54 495.62 495.70 495.78 495.87 495.95 496.04 496.12 496.21 496.30 496.39 496.49 496.58 496.49 496.39 496.30 496.21 496.12 496.04 495.95 495.87 495.78 495.70 495.62 495.54 495.47 495.39 495.32 495.25 495.18 495.11 495.04 494.98 494.91 494.85 494.80 494.74 494.69 494.63 494.59 494.54 494.50 494.46 494.42 494.38 494.35 494.33
493.92 493.93 493.95 493.98 494.01 494.04 494.08 494.12 494.17 494.21 494.27 494.32 494.37 494.43 494.49 494.55 494.62 494.68 494.75 494.82 494.90 494.97 495.05 495.12 495.20 495.28 495.37 495.45 495.54 495.62 495.71 495.80 495.90 495.99 496.08 496.18 496.28 496.18 496.08 495.99 495.90 495.80 495.71 495.62 495.54 495.45 495.37 495.28 495.20 495.12 495.05 494.97 494.90 494.82 494.75 494.68 494.62 494.55 494.49 494.43 494.37 494.32 494.27 494.21 494.17 494.12 494.08 494.04 494.01 493.98 493.95
493.54 493.55 493.57 493.60 493.63 493.67 493.71 493.75 493.79 493.84 493.90 493.95 494.01 494.07 494.13 494.19 494.26 494.33 494.40 494.47 494.55 494.62 494.70 494.78 494.86 494.95 495.03 495.12 495.21 495.30 495.39 495.48 495.58 495.67 495.77 495.87 495.97 495.87 495.77 495.67 495.58 495.48 495.39 495.30 495.21 495.12 495.03 494.95 494.86 494.78 494.70 494.62 494.55 494.47 494.40 494.33 494.26 494.19 494.13 494.07 494.01 493.95 493.90 493.84 493.79 493.75 493.71 493.67 493.63 493.60 493.57
493.16 493.17 493.19 493.22 493.25 493.29 493.33 493.37 493.42 493.47 493.53 493.58 493.64 493.70 493.77 493.83 493.90 493.97 494.04 494.12 494.20 494.27 494.35 494.44 494.52 494.61 494.69 494.78 494.87 494.97 495.06 495.16 495.26 495.35 495.45 495.56 495.66 495.56 495.45 495.35 495.26 495.16 495.06 494.97 494.87 494.78 494.69 494.61 494.52 494.44 494.35 494.27 494.20 494.12 494.04 493.97 493.90 493.83 493.77 493.70 493.64 493.58 493.53 493.47 493.42 493.37 493.33 493.29 493.25 493.22 493.19
492.78 492.79 492.81 492.84 492.88 492.91 492.95 493.00 493.05 493.10 493.16 493.21 493.27 493.34 493.40 493.47 493.54 493.61 493.69 493.76 493.84 493.92 494.01 494.09 494.18 494.27 494.36 494.45 494.54 494.64 494.73 494.83 494.93 495.03 495.14 495.24 495.35 495.24 495.14 495.03 494.93 494.83 494.73 494.64 494.54 494.45 494.36 494.27 494.18 494.09 494.01 493.92 493.84 493.76 493.69 493.61 493.54 493.47 493.40 493.34 493.27 493.21 493.16 493.10 493.05 493.00 492.95 492.91 492.88 492.84 492.81
492.40 492.41 492.43 492.46 492.50 492.54 492.58 492.63 492.68 492.73 492.79 492.85 492.91 492.97 493.04 493.11 493.18 493.26 493.33 493.41 493.49 493.57 493.66 493.75 493.83 493.93 494.02 494.11 494.21 494.31 494.40 494.51 494.61 494.71 494.82 494.93 495.04 494.93 494.82 494.71 494.61 494.51 494.40 494.31 494.21 494.11 494.02 493.93 493.83 493.75 493.66 493.57 493.49 493.41 493.33 493.26 493.18 493.11 493.04 492.97 492.91 492.85 492.79 492.73 492.68 492.63 492.58 492.54 492.50 492.46 492.43
492.02 492.03 492.06 492.08 492.12 492.16 492.20 492.25 492.30 492.36 492.42 492.48 492.54 492.61 492.67 492.75 492.82 492.90 492.97 493.06 493.14 493.22 493.31 493.40 493.49 493.58 493.68 493.77 493.87 493.97 494.07 494.18 494.28 494.39 494.50 494.61 494.72 494.61 494.50 494.39 494.28 494.18 494.07 493.97 493.87 493.77 493.68 493.58 493.49 493.40 493.31 493.22 493.14 493.06 492.97 492.90 492.82 492.75 492.67 492.61 492.54 492.48 492.42 492.36 492.30 492.25 492.20 492.16 492.12 492.08 492.06
491.64 491.65 491.68 491.71 491.74 491.78 491.83 491.88 491.93 491.99 492.04 492.11 492.17 492.24 492.31 492.38 492.46 492.54 492.62 492.70 492.78 492.87 492.96 493.05 493.14 493.24 493.34 493.44 493.54 493.64 493.74 493.85 493.96 494.07 494.18 494.29 494.40 494.29 494.18 494.07 493.96 493.85 493.74 493.64 493.54 493.44 493.34 493.24 493.14 493.05 492.96 492.87 492.78 492.70 492.62 492.54 492.46 492.38 492.31 492.24 492.17 492.11 492.04 491.99 491.93 491.88 491.83 491.78 491.74 491.71 491.68
491.26 491.27 491.30 491.33 491.36 491.41 491.45 491.50 491.56 491.61 491.67 491.74 491.80 491.87 491.95 492.02 492.10 492.18 492.26 492.34 492.43 492.52 492.61 492.70 492.80 492.90 492.99 493.10 493.20 493.30 493.41 493.52 493.63 493.74 493.85 493.97 494.09 493.97 493.85 493.74 493.63 493.52 493.41 493.30 493.20 493.10 492.99 492.90 492.80 492.70 492.61 492.52 492.43 492.34 492.26 492.18 492.10 492.02 491.95 491.87 491.80 491.74 491.67 491.61 491.56 491.50 491.45 491.41 491.36 491.33 491.30
490.88 490.89 490.92 490.95 490.99 491.03 491.08 491.13 491.18 491.24 491.30 491.37 491.44 491.51 491.58 491.66 491.74 491.82 491.90 491.99 492.08 492.17 492.26 492.35 492.45 492.55 492.65 492.75 492.86 492.97 493.08 493.19 493.30 493.41 493.53 493.65 493.77 493.65 493.53 493.41 493.30 493.19 493.08 492.97 492.86 492.75 492.65 492.55 492.45 492.35 492.26 492.17 492.08 491.99 491.90 491.82 491.74 491.66 491.58 491.51 491.44 491.37 491.30 491.24 491.18 491.13 491.08 491.03 490.99 490.95 490.92
490.50 490.51 490.54 490.57 490.61 490.65 490.70 490.75 490.81 490.87 490.93 491.00 491.07 491.14 491.21 491.29 491.37 491.46 491.54 491.63 491.72 491.81 491.91 492.00 492.10 492.21 492.31 492.41 492.52 492.63 492.74 492.85 492.97 493.09 493.20 493.32 493.45 493.32 493.20 493.09 492.97 492.85 492.74 492.63 492.52 492.41 492.31 492.21 492.10 492.00 491.91 491.81 491.72 491.63 491.54 491.46 491.37 491.29 491.21 491.14 491.07 491.00 490.93 490.87 490.81 490.75 490.70 490.65 490.61 490.57 490.54
490.12 490.13 490.16 490.19 490.23 490.28 490.32 490.38 490.43 490.50 490.56 490.63 490.70 490.77 490.85 490.93 491.01 491.10 491.18 491.27 491.36 491.46 491.56 491.65 491.76 491.86 491.96 492.07 492.18 492.29 492.41 492.52 492.64 492.76 492.88 493.00 493.12 493.00 492.88 492.76 492.64 492.52 492.41 492.29 492.18 492.07 491.96 491.86 491.76 491.65 491.56 491.46 491.36 491.27 491.18 491.10 491.01 490.93 490.85 490.77 490.70 490.63 490.56 490.50 490.43 490.38 490.32 490.28 490.23 490.19 490.16
489.74 489.75 489.78 489.81 489.85 489.90 489.95 490.00 490.06 490.12 490.19 490.26 490.33 490.40 490.48 490.56 490.65 490.73 490.82 490.91 491.01 491.10 491.20 491.30 491.41 491.51 491.62 491.73 491.84 491.95 492.07 492.19 492.31 492.43 492.55 492.68 492.80 492.68 492.55 492.43 492.31 492.19 492.07 491.95 491.84 491.73 491.62 491.51 491.41 491.30 491.20 491.10 491.01 490.91 490.82 490.73 490.65 490.56 490.48 490.40 490.33 490.26 490.19 490.12 490.06 490.00 489.95 489.90 489.85 489.81 489.78
489.36 489.37 489.40 489.44 489.48 489.52 489.57 489.63 489.69 489.75 489.82 489.89 489.96 490.04 490.12 490.20 490.28 490.37 490.46 490.56 490.65 490.75 490.85 490.95 491.06 491.16 491.27 491.39 491.50 491.61 491.73 491.85 491.97 492.10 492.22 492.35 492.48 492.35 492.22 492.10 491.97 491.85 491.73 491.61 491.50 491.39 491.27 491.16 491.06 490.95 490.85 490.75 490.65 490.56 490.46 490.37 490.28 490.20 490.12 490.04 489.96 489.89 489.82 489.75 489.69 489.63 489.57 489.52 489.48 489.44 489.40
488.98 488.99 489.02 489.06 489.10 489.14 489.20 489.25 489.31 489.38 489.44 489.52 489.59 489.67 489.75 489.83 489.92 490.01 490.10 490.20 490.29 490.39 490.50 490.60 490.71 490.82 490.93 491.04 491.16 491.27 491.39 491.52 491.64 491.76 491.89 492.02 492.15 492.02 491.89 491.76 491.64 491.52 491.39 491.27 491.16 491.04 490.93 490.82 490.71 490.60 490.50 490.39 490.29 490.20 490.10 490.01 489.92 489.83 489.75 489.67 489.59 489.52 489.44 489.38 489.31 489.25 489.20 489.14 489.10 489.06 489.02
488.60 488.61 488.64 488.68 488.72 488.77 488.82 488.88 488.94 489.00 489.07 489.15 489.22 489.30 489.38 489.47 489.56 489.65 489.74 489.84 489.94 490.04 490.14 490.25 490.36 490.47 490.58 490.70 490.81 490.93 491.06 491.18 491.30 491.43 491.56 491.69 491.83 491.69 491.56 491.43 491.30 491.18 491.06 490.93 490.81 490.70 490.58 490.47 490.36 490.25 490.14 490.04 489.94 489.84 489.74 489.65 489.56 489.47 489.38 489.30 489.22 489.15 489.07 489.00 488.94 488.88 488.82 488.77 488.72 488.68 488.64
488.22 488.24 488.26 488.30 488.34 488.39 488.44 488.50 488.56 488.63 488.70 488.77 488.85 488.93 489.02 489.10 489.19 489.28 489.38 489.48 489.58 489.68 489.79 489.90 490.01 490.12 490.23 490.35 490.47 490.59 490.72 490.84 490.97 491.10 491.23 491.37 491.50 491.37 491.23 491.10 490.97 490.84 490.72 490.59 490.47 490.35 490.23 490.12 490.01 489.90 489.79 489.68 489.58 489.48 489.38 489.28 489.19 489.10 489.02 488.93 488.85 488.77 488.70 488.63 488.56 488.50 488.44 488.39 488.34 488.30 488.26
487.84 487.86 487.88 487.92 487.96 488.01 488.07 488.13 488.19 488.26 488.33 488.40 488.48 488.56 488.65 488.74 488.83 488.92 489.02 489.12 489.22 489.33 489.43 489.54 489.65 489.77 489.89 490.01 490.13 490.25 490.38 490.50 490.63 490.77 490.90 491.04 491.17 491.04 490.90 490.77 490.63 490.50 490.38 490.25 490.13 490.01 489.89 489.77 489.65 489.54 489.43 489.33 489.22 489.12 489.02 488.92 488.83 488.74 488.65 488.56 488.48 488.40 488.33 488.26 488.19 488.13 488.07 488.01 487.96 487.92 487.88
