data/virtual_blocks/plane_convergent.asc
NCOLS 72
NROWS 72
XLLCORNER 1506552
YLLCORNER 5533496
CELLSIZE 4
NODATA_VALUE -9999
[rows 0 to 31 of 72, columns 0 to 70 of 72]
499.62 499.62 499.61 499.61 499.60 499.59 499.58 499.57 499.56 499.55 499.53 499.52 499.51 499.49 499.48 499.46 499.45 499.43 499.41 499.39 499.38 499.36 499.34 499.32 499.30 499.28 499.26 499.24 499.22 499.19 499.17 499.15 499.13 499.10 499.08 499.06 499.03 499.06 499.08 499.10 499.13 499.15 499.17 499.19 499.22 499.24 499.26 499.28 499.30 499.32 499.34 499.36 499.38 499.39 499.41 499.43 499.45 499.46 499.48 499.49 499.51 499.52 499.53 499.55 499.56 499.57 499.58 499.59 499.60 499.61 499.61
499.24 499.24 499.23 499.22 499.21 499.20 499.18 499.17 499.15 499.14 499.12 499.10 499.08 499.06 499.04 499.02 498.99 498.97 498.95 498.92 498.89 498.87 498.84 498.81 498.79 498.76 498.73 498.70 498.67 498.64 498.61 498.57 498.54 498.51 498.48 498.44 498.41 498.44 498.48 498.51 498.54 498.57 498.61 498.64 498.67 498.70 498.73 498.76 498.79 498.81 498.84 498.87 498.89 498.92 498.95 498.97 498.99 499.02 499.04 499.06 499.08 499.10 499.12 499.14 499.15 499.17 499.18 499.20 499.21 499.22 499.23
498.86 498.86 498.85 498.84 498.82 498.81 498.79 498.77 498.75 498.73 498.71 498.69 498.66 498.64 498.61 498.59 498.56 498.53 498.50 498.47 498.44 498.41 498.37 498.34 498.30 498.27 498.23 498.20 498.16 498.12 498.08 498.04 498.00 497.96 497.92 497.88 497.84 497.88 497.92 497.96 498.00 498.04 498.08 498.12 498.16 498.20 498.23 498.27 498.30 498.34 498.37 498.41 498.44 498.47 498.50 498.53 498.56 498.59 498.61 498.64 498.66 498.69 498.71 498.73 498.75 498.77 498.79 498.81 498.82 498.84 498.85
498.48 498.47 498.46 498.45 498.44 498.42 498.40 498.38 498.36 498.33 498.31 498.28 498.25 498.22 498.19 498.16 498.13 498.10 498.06 498.03 497.99 497.95 497.92 497.88 497.84 497.80 497.76 497.71 497.67 497.63 497.58 497.54 497.49 497.45 497.40 497.35 497.30 497.35 497.40 497.45 497.49 497.54 497.58 497.63 497.67 497.71 497.76 497.80 497.84 497.88 497.92 497.95 497.99 498.03 498.06 498.10 498.13 498.16 498.19 498.22 498.25 498.28 498.31 498.33 498.36 498.38 498.40 498.42 498.44 498.45 498.46
498.10 498.09 498.08 498.07 498.05 498.03 498.01 497.99 497.96 497.94 497.91 497.88 497.85 497.81 497.78 497.75 497.71 497.67 497.63 497.59 497.55 497.51 497.47 497.43 497.38 497.34 497.29 497.24 497.20 497.15 497.10 497.05 497.00 496.94 496.89 496.84 496.78 496.84 496.89 496.94 497.00 497.05 497.10 497.15 497.20 497.24 497.29 497.34 497.38 497.43 497.47 497.51 497.55 497.59 497.63 497.67 497.71 497.75 497.78 497.81 497.85 497.88 497.91 497.94 497.96 497.99 498.01 498.03 498.05 498.07 498.08
497.72 497.71 497.70 497.69 497.67 497.65 497.62 497.60 497.57 497.54 497.51 497.48 497.44 497.41 497.37 497.33 497.29 497.25 497.21 497.17 497.12 497.08 497.03 496.98 496.93 496.88 496.83 496.78 496.73 496.68 496.62 496.57 496.51 496.45 496.40 496.34 496.28 496.34 496.40 496.45 496.51 496.57 496.62 496.68 496.73 496.78 496.83 496.88 496.93 496.98 497.03 497.08 497.12 497.17 497.21 497.25 497.29 497.33 497.37 497.41 497.44 497.48 497.51 497.54 497.57 497.60 497.62 497.65 497.67 497.69 497.70
497.34 497.33 497.32 497.30 497.28 497.26 497.23 497.21 497.18 497.15 497.11 497.08 497.04 497.00 496.96 496.92 496.88 496.83 496.79 496.74 496.69 496.65 496.60 496.54 496.49 496.44 496.38 496.33 496.27 496.21 496.15 496.09 496.03 495.97 495.91 495.85 495.78 495.85 495.91 495.97 496.03 496.09 496.15 496.21 496.27 496.33 496.38 496.44 496.49 496.54 496.60 496.65 496.69 496.74 496.79 496.83 496.88 496.92 496.96 497.00 497.04 497.08 497.11 497.15 497.18 497.21 497.23 497.26 497.28 497.30 497.32
496.96 496.95 496.94 496.92 496.90 496.87 496.85 496.82 496.79 496.75 496.72 496.68 496.64 496.60 496.56 496.51 496.47 496.42 496.37 496.32 496.27 496.22 496.16 496.11 496.05 496.00 495.94 495.88 495.82 495.75 495.69 495.63 495.56 495.50 495.43 495.36 495.29 495.36 495.43 495.50 495.56 495.63 495.69 495.75 495.82 495.88 495.94 496.00 496.05 496.11 496.16 496.22 496.27 496.32 496.37 496.42 496.47 496.51 496.56 496.60 496.64 496.68 496.72 496.75 496.79 496.82 496.85 496.87 496.90 496.92 496.94
496.58 496.57 496.56 496.54 496.51 496.49 496.46 496.43 496.39 496.36 496.32 496.28 496.24 496.20 496.15 496.10 496.06 496.01 495.95 495.90 495.85 495.79 495.74 495.68 495.62 495.56 495.49 495.43 495.37 495.30 495.24 495.17 495.10 495.03 494.96 494.89 494.81 494.89 494.96 495.03 495.10 495.17 495.24 495.30 495.37 495.43 495.49 495.56 495.62 495.68 495.74 495.79 495.85 495.90 495.95 496.01 496.06 496.10 496.15 496.20 496.24 496.28 496.32 496.36 496.39 496.43 496.46 496.49 496.51 496.54 496.56
496.20 496.19 496.18 496.16 496.13 496.10 496.07 496.04 496.00 495.97 495.93 495.89 495.84 495.80 495.75 495.70 495.65 495.60 495.54 495.49 495.43 495.37 495.31 495.25 495.19 495.12 495.06 494.99 494.92 494.85 494.78 494.71 494.64 494.56 494.49 494.41 494.34 494.41 494.49 494.56 494.64 494.71 494.78 494.85 494.92 494.99 495.06 495.12 495.19 495.25 495.31 495.37 495.43 495.49 495.54 495.60 495.65 495.70 495.75 495.80 495.84 495.89 495.93 495.97 496.00 496.04 496.07 496.10 496.13 496.16 496.18
495.82 495.81 495.79 495.77 495.75 495.72 495.69 495.65 495.62 495.58 495.53 495.49 495.44 495.40 495.35 495.29 495.24 495.19 495.13 495.07 495.01 494.95 494.89 494.82 494.76 494.69 494.62 494.55 494.48 494.41 494.33 494.26 494.18 494.10 494.03 493.95 493.87 493.95 494.03 494.10 494.18 494.26 494.33 494.41 494.48 494.55 494.62 494.69 494.76 494.82 494.89 494.95 495.01 495.07 495.13 495.19 495.24 495.29 495.35 495.40 495.44 495.49 495.53 495.58 495.62 495.65 495.69 495.72 495.75 495.77 495.79
495.44 495.43 495.41 495.39 495.36 495.33 495.30 495.26 495.23 495.18 495.14 495.10 495.05 495.00 494.94 494.89 494.84 494.78 494.72 494.66 494.59 494.53 494.46 494.40 494.33 494.26 494.19 494.11 494.04 493.96 493.89 493.81 493.73 493.65 493.57 493.48 493.40 493.48 493.57 493.65 493.73 493.81 493.89 493.96 494.04 494.11 494.19 494.26 494.33 494.40 494.46 494.53 494.59 494.66 494.72 494.78 494.84 494.89 494.94 495.00 495.05 495.10 495.14 495.18 495.23 495.26 495.30 495.33 495.36 495.39 495.41
495.06 495.05 495.03 495.01 494.98 494.95 494.92 494.88 494.84 494.79 494.75 494.70 494.65 494.60 494.54 494.49 494.43 494.37 494.31 494.25 494.18 494.11 494.05 493.98 493.90 493.83 493.76 493.68 493.60 493.52 493.44 493.36 493.28 493.20 493.11 493.02 492.94 493.02 493.11 493.20 493.28 493.36 493.44 493.52 493.60 493.68 493.76 493.83 493.90 493.98 494.05 494.11 494.18 494.25 494.31 494.37 494.43 494.49 494.54 494.60 494.65 494.70 494.75 494.79 494.84 494.88 494.92 494.95 494.98 495.01 495.03
494.68 494.67 494.65 494.63 494.60 494.57 494.53 494.49 494.45 494.40 494.36 494.31 494.26 494.20 494.15 494.09 494.03 493.96 493.90 493.83 493.77 493.70 493.63 493.55 493.48 493.40 493.33 493.25 493.17 493.09 493.00 492.92 492.83 492.74 492.66 492.57 492.48 492.57 492.66 492.74 492.83 492.92 493.00 493.09 493.17 493.25 493.33 493.40 493.48 493.55 493.63 493.70 493.77 493.83 493.90 493.96 494.03 494.09 494.15 494.20 494.26 494.31 494.36 494.40 494.45 494.49 494.53 494.57 494.60 494.63 494.65
494.30 494.29 494.27 494.25 494.22 494.18 494.14 494.10 494.06 494.01 493.97 493.91 493.86 493.80 493.75 493.69 493.62 493.56 493.49 493.42 493.35 493.28 493.21 493.13 493.06 492.98 492.90 492.82 492.73 492.65 492.56 492.48 492.39 492.30 492.21 492.11 492.02 492.11 492.21 492.30 492.39 492.48 492.56 492.65 492.73 492.82 492.90 492.98 493.06 493.13 493.21 493.28 493.35 493.42 493.49 493.56 493.62 493.69 493.75 493.80 493.86 493.91 493.97 494.01 494.06 494.10 494.14 494.18 494.22 494.25 494.27
493.92 493.91 493.89 493.86 493.83 493.80 493.76 493.72 493.67 493.63 493.57 493.52 493.47 493.41 493.35 493.29 493.22 493.16 493.09 493.02 492.94 492.87 492.79 492.72 492.64 492.56 492.47 492.39 492.30 492.22 492.13 492.04 491.94 491.85 491.76 491.66 491.56 491.66 491.76 491.85 491.94 492.04 492.13 492.22 492.30 492.39 492.47 492.56 492.64 492.72 492.79 492.87 492.94 493.02 493.09 493.16 493.22 493.29 493.35 493.41 493.47 493.52 493.57 493.63 493.67 493.72 493.76 493.80 493.83 493.86 493.89
493.54 493.53 493.51 493.48 493.45 493.41 493.37 493.33 493.29 493.24 493.18 493.13 493.07 493.01 492.95 492.89 492.82 492.75 492.68 492.61 492.53 492.46 492.38 492.30 492.22 492.13 492.05 491.96 491.87 491.78 491.69 491.60 491.50 491.41 491.31 491.21 491.11 491.21 491.31 491.41 491.50 491.60 491.69 491.78 491.87 491.96 492.05 492.13 492.22 492.30 492.38 492.46 492.53 492.61 492.68 492.75 492.82 492.89 492.95 493.01 493.07 493.13 493.18 493.24 493.29 493.33 493.37 493.41 493.45 493.48 493.51
493.16 493.15 493.13 493.10 493.07 493.03 492.99 492.95 492.90 492.85 492.79 492.74 492.68 492.62 492.55 492.49 492.42 492.35 492.28 492.20 492.12 492.05 491.97 491.88 491.80 491.71 491.63 491.54 491.45 491.35 491.26 491.16 491.06 490.97 490.87 490.76 490.66 490.76 490.87 490.97 491.06 491.16 491.26 491.35 491.45 491.54 491.63 491.71 491.80 491.88 491.97 492.05 492.12 492.20 492.28 492.35 492.42 492.49 492.55 492.62 492.68 492.74 492.79 492.85 492.90 492.95 492.99 493.03 493.07 493.10 493.13
492.78 492.77 492.75 492.72 492.68 492.65 492.61 492.56 492.51 492.46 492.40 492.35 492.29 492.22 492.16 492.09 492.02 491.95 491.87 491.80 491.72 491.64 491.55 491.47 491.38 491.29 491.20 491.11 491.02 490.92 490.83 490.73 490.63 490.53 490.42 490.32 490.21 490.32 490.42 490.53 490.63 490.73 490.83 490.92 491.02 491.11 491.20 491.29 491.38 491.47 491.55 491.64 491.72 491.80 491.87 491.95 492.02 492.09 492.16 492.22 492.29 492.35 492.40 492.46 492.51 492.56 492.61 492.65 492.68 492.72 492.75
492.40 492.39 492.37 492.34 492.30 492.26 492.22 492.17 492.12 492.07 492.01 491.95 491.89 491.83 491.76 491.69 491.62 491.54 491.47 491.39 491.31 491.23 491.14 491.05 490.97 490.87 490.78 490.69 490.59 490.49 490.40 490.29 490.19 490.09 489.98 489.87 489.76 489.87 489.98 490.09 490.19 490.29 490.40 490.49 490.59 490.69 490.78 490.87 490.97 491.05 491.14 491.23 491.31 491.39 491.47 491.54 491.62 491.69 491.76 491.83 491.89 491.95 492.01 492.07 492.12 492.17 492.22 492.26 492.30 492.34 492.37
492.02 492.01 491.98 491.96 491.92 491.88 491.84 491.79 491.74 491.68 491.62 491.56 491.50 491.43 491.37 491.29 491.22 491.14 491.07 490.98 490.90 490.82 490.73 490.64 490.55 490.46 490.36 490.27 490.17 490.07 489.97 489.86 489.76 489.65 489.54 489.43 489.32 489.43 489.54 489.65 489.76 489.86 489.97 490.07 490.17 490.27 490.36 490.46 490.55 490.64 490.73 490.82 490.90 490.98 491.07 491.14 491.22 491.29 491.37 491.43 491.50 491.56 491.62 491.68 491.74 491.79 491.84 491.88 491.92 491.96 491.98
491.64 491.63 491.60 491.57 491.54 491.50 491.45 491.40 491.35 491.29 491.24 491.17 491.11 491.04 490.97 490.90 490.82 490.74 490.66 490.58 490.50 490.41 490.32 490.23 490.14 490.04 489.94 489.84 489.74 489.64 489.54 489.43 489.32 489.21 489.10 488.99 488.88 488.99 489.10 489.21 489.32 489.43 489.54 489.64 489.74 489.84 489.94 490.04 490.14 490.23 490.32 490.41 490.50 490.58 490.66 490.74 490.82 490.90 490.97 491.04 491.11 491.17 491.24 491.29 491.35 491.40 491.45 491.50 491.54 491.57 491.60
491.26 491.25 491.22 491.19 491.16 491.11 491.07 491.02 490.96 490.91 490.85 490.78 490.72 490.65 490.57 490.50 490.42 490.34 490.26 490.18 490.09 490.00 489.91 489.82 489.72 489.62 489.53 489.42 489.32 489.22 489.11 489.00 488.89 488.78 488.67 488.55 488.43 488.55 488.67 488.78 488.89 489.00 489.11 489.22 489.32 489.42 489.53 489.62 489.72 489.82 489.91 490.00 490.09 490.18 490.26 490.34 490.42 490.50 490.57 490.65 490.72 490.78 490.85 490.91 490.96 491.02 491.07 491.11 491.16 491.19 491.22
490.88 490.87 490.84 490.81 490.77 490.73 490.68 490.63 490.58 490.52 490.46 490.39 490.32 490.25 490.18 490.10 490.02 489.94 489.86 489.77 489.68 489.59 489.50 489.41 489.31 489.21 489.11 489.00 488.90 488.79 488.68 488.57 488.46 488.35 488.23 488.11 487.99 488.11 488.23 488.35 488.46 488.57 488.68 488.79 488.90 489.00 489.11 489.21 489.31 489.41 489.50 489.59 489.68 489.77 489.86 489.94 490.02 490.10 490.18 490.25 490.32 490.39 490.46 490.52 490.58 490.63 490.68 490.73 490.77 490.81 490.84
490.50 490.49 490.46 490.43 490.39 490.35 490.30 490.25 490.19 490.13 490.07 490.00 489.93 489.86 489.79 489.71 489.63 489.54 489.46 489.37 489.28 489.19 489.09 489.00 488.90 488.79 488.69 488.59 488.48 488.37 488.26 488.15 488.03 487.91 487.80 487.68 487.55 487.68 487.80 487.91 488.03 488.15 488.26 488.37 488.48 488.59 488.69 488.79 488.90 489.00 489.09 489.19 489.28 489.37 489.46 489.54 489.63 489.71 489.79 489.86 489.93 490.00 490.07 490.13 490.19 490.25 490.30 490.35 490.39 490.43 490.46
490.12 490.11 490.08 490.05 490.01 489.96 489.92 489.86 489.81 489.74 489.68 489.61 489.54 489.47 489.39 489.31 489.23 489.14 489.06 488.97 488.88 488.78 488.68 488.59 488.48 488.38 488.28 488.17 488.06 487.95 487.83 487.72 487.60 487.48 487.36 487.24 487.12 487.24 487.36 487.48 487.60 487.72 487.83 487.95 488.06 488.17 488.28 488.38 488.48 488.59 488.68 488.78 488.88 488.97 489.06 489.14 489.23 489.31 489.39 489.47 489.54 489.61 489.68 489.74 489.81 489.86 489.92 489.96 490.01 490.05 490.08
489.74 489.73 489.70 489.67 489.63 489.58 489.53 489.48 489.42 489.36 489.29 489.22 489.15 489.08 489.00 488.92 488.83 488.75 488.66 488.57 488.47 488.38 488.28 488.18 488.07 487.97 487.86 487.75 487.64 487.53 487.41 487.29 487.17 487.05 486.93 486.80 486.68 486.80 486.93 487.05 487.17 487.29 487.41 487.53 487.64 487.75 487.86 487.97 488.07 488.18 488.28 488.38 488.47 488.57 488.66 488.75 488.83 488.92 489.00 489.08 489.15 489.22 489.29 489.36 489.42 489.48 489.53 489.58 489.63 489.67 489.70
489.36 489.35 489.32 489.28 489.24 489.20 489.15 489.09 489.03 488.97 488.90 488.83 488.76 488.68 488.60 488.52 488.44 488.35 488.26 488.16 488.07 487.97 487.87 487.77 487.66 487.56 487.45 487.33 487.22 487.11 486.99 486.87 486.75 486.62 486.50 486.37 486.24 486.37 486.50 486.62 486.75 486.87 486.99 487.11 487.22 487.33 487.45 487.56 487.66 487.77 487.87 487.97 488.07 488.16 488.26 488.35 488.44 488.52 488.60 488.68 488.76 488.83 488.90 488.97 489.03 489.09 489.15 489.20 489.24 489.28 489.32
488.98 488.97 488.94 488.90 488.86 488.82 488.76 488.71 488.65 488.58 488.52 488.44 488.37 488.29 488.21 488.13 488.04 487.95 487.86 487.76 487.67 487.57 487.46 487.36 487.25 487.14 487.03 486.92 486.80 486.69 486.57 486.44 486.32 486.20 486.07 485.94 485.81 485.94 486.07 486.20 486.32 486.44 486.57 486.69 486.80 486.92 487.03 487.14 487.25 487.36 487.46 487.57 487.67 487.76 487.86 487.95 488.04 488.13 488.21 488.29 488.37 488.44 488.52 488.58 488.65 488.71 488.76 488.82 488.86 488.90 488.94
488.60 488.59 488.56 488.52 488.48 488.43 488.38 488.32 488.26 488.20 488.13 488.05 487.98 487.90 487.82 487.73 487.64 487.55 487.46 487.36 487.26 487.16 487.06 486.95 486.84 486.73 486.62 486.50 486.39 486.27 486.14 486.02 485.90 485.77 485.64 485.51 485.37 485.51 485.64 485.77 485.90 486.02 486.14 486.27 486.39 486.50 486.62 486.73 486.84 486.95 487.06 487.16 487.26 487.36 487.46 487.55 487.64 487.73 487.82 487.90 487.98 488.05 488.13 488.20 488.26 488.32 488.38 488.43 488.48 488.52 488.56
488.22 488.20 488.18 488.14 488.10 488.05 488.00 487.94 487.88 487.81 487.74 487.67 487.59 487.51 487.42 487.34 487.25 487.16 487.06 486.96 486.86 486.76 486.65 486.54 486.43 486.32 486.21 486.09 485.97 485.85 485.72 485.60 485.47 485.34 485.21 485.07 484.94 485.07 485.21 485.34 485.47 485.60 485.72 485.85 485.97 486.09 486.21 486.32 486.43 486.54 486.65 486.76 486.86 486.96 487.06 487.16 487.25 487.34 487.42 487.51 487.59 487.67 487.74 487.81 487.88 487.94 488.00 488.05 488.10 488.14 488.18
487.84 487.82 487.80 487.76 487.72 487.67 487.61 487.55 487.49 487.42 487.35 487.28 487.20 487.12 487.03 486.94 486.85 486.76 486.66 486.56 486.46 486.35 486.25 486.14 486.03 485.91 485.79 485.67 485.55 485.43 485.30 485.18 485.05 484.91 484.78 484.64 484.51 484.64 484.78 484.91 485.05 485.18 485.30 485.43 485.55 485.67 485.79 485.91 486.03 486.14 486.25 486.35 486.46 486.56 486.66 486.76 486.85 486.94 487.03 487.12 487.20 487.28 487.35 487.42 487.49 487.55 487.61 487.67 487.72 487.76 487.80
