data/virtual_blocks/plane_divergent.asc
NCOLS 72
NROWS 72
XLLCORNER 1506552
YLLCORNER 5533496
CELLSIZE 4
NODATA_VALUE -9999
[rows 32 to 63 of 72, columns 0 to 70 of 72]
487.46 487.48 487.50 487.54 487.59 487.64 487.69 487.75 487.81 487.88 487.96 488.03 488.11 488.19 488.28 488.37 488.46 488.56 488.66 488.76 488.86 488.97 489.08 489.19 489.30 489.42 489.54 489.66 489.78 489.91 490.04 490.16 490.30 490.43 490.57 490.70 490.85 490.70 490.57 490.43 490.30 490.16 490.04 489.91 489.78 489.66 489.54 489.42 489.30 489.19 489.08 488.97 488.86 488.76 488.66 488.56 488.46 488.37 488.28 488.19 488.11 488.03 487.96 487.88 487.81 487.75 487.69 487.64 487.59 487.54 487.50
487.08 487.10 487.12 487.16 487.21 487.26 487.31 487.37 487.44 487.51 487.58 487.66 487.74 487.83 487.91 488.00 488.10 488.19 488.29 488.40 488.50 488.61 488.72 488.83 488.95 489.07 489.19 489.31 489.44 489.56 489.69 489.83 489.96 490.10 490.23 490.37 490.52 490.37 490.23 490.10 489.96 489.83 489.69 489.56 489.44 489.31 489.19 489.07 488.95 488.83 488.72 488.61 488.50 488.40 488.29 488.19 488.10 488.00 487.91 487.83 487.74 487.66 487.58 487.51 487.44 487.37 487.31 487.26 487.21 487.16 487.12
486.70 486.72 486.75 486.78 486.83 486.88 486.94 487.00 487.07 487.14 487.21 487.29 487.37 487.46 487.55 487.64 487.73 487.83 487.93 488.04 488.14 488.25 488.37 488.48 488.60 488.72 488.84 488.96 489.09 489.22 489.35 489.49 489.62 489.76 489.90 490.04 490.19 490.04 489.90 489.76 489.62 489.49 489.35 489.22 489.09 488.96 488.84 488.72 488.60 488.48 488.37 488.25 488.14 488.04 487.93 487.83 487.73 487.64 487.55 487.46 487.37 487.29 487.21 487.14 487.07 487.00 486.94 486.88 486.83 486.78 486.75
486.32 486.34 486.37 486.41 486.45 486.50 486.56 486.62 486.69 486.76 486.84 486.92 487.00 487.09 487.18 487.27 487.37 487.47 487.57 487.68 487.78 487.90 488.01 488.13 488.24 488.37 488.49 488.62 488.75 488.88 489.01 489.15 489.28 489.42 489.57 489.71 489.86 489.71 489.57 489.42 489.28 489.15 489.01 488.88 488.75 488.62 488.49 488.37 488.24 488.13 488.01 487.90 487.78 487.68 487.57 487.47 487.37 487.27 487.18 487.09 487.00 486.92 486.84 486.76 486.69 486.62 486.56 486.50 486.45 486.41 486.37
485.94 485.96 485.99 486.03 486.07 486.13 486.18 486.25 486.32 486.39 486.46 486.55 486.63 486.72 486.81 486.90 487.00 487.10 487.21 487.31 487.42 487.54 487.65 487.77 487.89 488.01 488.14 488.27 488.40 488.53 488.67 488.80 488.94 489.09 489.23 489.38 489.52 489.38 489.23 489.09 488.94 488.80 488.67 488.53 488.40 488.27 488.14 488.01 487.89 487.77 487.65 487.54 487.42 487.31 487.21 487.10 487.00 486.90 486.81 486.72 486.63 486.55 486.46 486.39 486.32 486.25 486.18 486.13 486.07 486.03 485.99
485.56 485.58 485.61 485.65 485.69 485.75 485.81 485.87 485.94 486.01 486.09 486.17 486.26 486.35 486.44 486.54 486.64 486.74 486.84 486.95 487.06 487.18 487.30 487.41 487.54 487.66 487.79 487.92 488.05 488.19 488.32 488.46 488.60 488.75 488.89 489.04 489.19 489.04 488.89 488.75 488.60 488.46 488.32 488.19 488.05 487.92 487.79 487.66 487.54 487.41 487.30 487.18 487.06 486.95 486.84 486.74 486.64 486.54 486.44 486.35 486.26 486.17 486.09 486.01 485.94 485.87 485.81 485.75 485.69 485.65 485.61
485.18 485.20 485.23 485.27 485.32 485.37 485.43 485.50 485.57 485.64 485.72 485.80 485.89 485.98 486.07 486.17 486.27 486.37 486.48 486.59 486.70 486.82 486.94 487.06 487.18 487.31 487.44 487.57 487.70 487.84 487.98 488.12 488.26 488.41 488.56 488.71 488.86 488.71 488.56 488.41 488.26 488.12 487.98 487.84 487.70 487.57 487.44 487.31 487.18 487.06 486.94 486.82 486.70 486.59 486.48 486.37 486.27 486.17 486.07 485.98 485.89 485.80 485.72 485.64 485.57 485.50 485.43 485.37 485.32 485.27 485.23
484.80 484.82 484.85 484.89 484.94 484.99 485.05 485.12 485.19 485.27 485.35 485.43 485.52 485.61 485.70 485.80 485.90 486.01 486.12 486.23 486.34 486.46 486.58 486.70 486.83 486.96 487.09 487.22 487.36 487.49 487.64 487.78 487.92 488.07 488.22 488.37 488.53 488.37 488.22 488.07 487.92 487.78 487.64 487.49 487.36 487.22 487.09 486.96 486.83 486.70 486.58 486.46 486.34 486.23 486.12 486.01 485.90 485.80 485.70 485.61 485.52 485.43 485.35 485.27 485.19 485.12 485.05 484.99 484.94 484.89 484.85
484.42 484.44 484.47 484.51 484.56 484.62 484.68 484.74 484.82 484.89 484.97 485.06 485.15 485.24 485.34 485.43 485.54 485.64 485.75 485.87 485.98 486.10 486.22 486.35 486.47 486.60 486.74 486.87 487.01 487.15 487.29 487.43 487.58 487.73 487.88 488.04 488.19 488.04 487.88 487.73 487.58 487.43 487.29 487.15 487.01 486.87 486.74 486.60 486.47 486.35 486.22 486.10 485.98 485.87 485.75 485.64 485.54 485.43 485.34 485.24 485.15 485.06 484.97 484.89 484.82 484.74 484.68 484.62 484.56 484.51 484.47
484.04 484.06 484.09 484.13 484.18 484.24 484.30 484.37 484.44 484.52 484.60 484.69 484.77 484.87 484.97 485.07 485.17 485.28 485.39 485.50 485.62 485.74 485.86 485.99 486.12 486.25 486.38 486.52 486.66 486.80 486.95 487.09 487.24 487.39 487.55 487.70 487.86 487.70 487.55 487.39 487.24 487.09 486.95 486.80 486.66 486.52 486.38 486.25 486.12 485.99 485.86 485.74 485.62 485.50 485.39 485.28 485.17 485.07 484.97 484.87 484.77 484.69 484.60 484.52 484.44 484.37 484.30 484.24 484.18 484.13 484.09
483.66 483.68 483.71 483.75 483.80 483.86 483.92 483.99 484.06 484.14 484.23 484.31 484.40 484.50 484.60 484.70 484.80 484.91 485.03 485.14 485.26 485.38 485.51 485.63 485.76 485.90 486.03 486.17 486.31 486.45 486.60 486.75 486.90 487.05 487.21 487.36 487.52 487.36 487.21 487.05 486.90 486.75 486.60 486.45 486.31 486.17 486.03 485.90 485.76 485.63 485.51 485.38 485.26 485.14 485.03 484.91 484.80 484.70 484.60 484.50 484.40 484.31 484.23 484.14 484.06 483.99 483.92 483.86 483.80 483.75 483.71
483.28 483.30 483.33 483.37 483.42 483.48 483.55 483.62 483.69 483.77 483.85 483.94 484.03 484.13 484.23 484.33 484.44 484.55 484.66 484.78 484.90 485.02 485.15 485.28 485.41 485.54 485.68 485.82 485.96 486.11 486.25 486.40 486.56 486.71 486.87 487.03 487.19 487.03 486.87 486.71 486.56 486.40 486.25 486.11 485.96 485.82 485.68 485.54 485.41 485.28 485.15 485.02 484.90 484.78 484.66 484.55 484.44 484.33 484.23 484.13 484.03 483.94 483.85 483.77 483.69 483.62 483.55 483.48 483.42 483.37 483.33
482.90 482.92 482.95 483.00 483.05 483.10 483.17 483.24 483.31 483.39 483.48 483.57 483.66 483.76 483.86 483.96 484.07 484.18 484.30 484.42 484.54 484.66 484.79 484.92 485.05 485.19 485.33 485.47 485.61 485.76 485.91 486.06 486.21 486.37 486.53 486.69 486.85 486.69 486.53 486.37 486.21 486.06 485.91 485.76 485.61 485.47 485.33 485.19 485.05 484.92 484.79 484.66 484.54 484.42 484.30 484.18 484.07 483.96 483.86 483.76 483.66 483.57 483.48 483.39 483.31 483.24 483.17 483.10 483.05 483.00 482.95
482.52 482.54 482.57 482.62 482.67 482.73 482.79 482.86 482.94 483.02 483.11 483.20 483.29 483.39 483.49 483.59 483.70 483.82 483.93 484.05 484.17 484.30 484.43 484.56 484.70 484.83 484.97 485.12 485.26 485.41 485.56 485.71 485.87 486.03 486.19 486.35 486.52 486.35 486.19 486.03 485.87 485.71 485.56 485.41 485.26 485.12 484.97 484.83 484.70 484.56 484.43 484.30 484.17 484.05 483.93 483.82 483.70 483.59 483.49 483.39 483.29 483.20 483.11 483.02 482.94 482.86 482.79 482.73 482.67 482.62 482.57
482.14 482.16 482.19 482.24 482.29 482.35 482.41 482.49 482.56 482.64 482.73 482.82 482.92 483.02 483.12 483.23 483.34 483.45 483.57 483.69 483.81 483.94 484.07 484.20 484.34 484.48 484.62 484.76 484.91 485.06 485.21 485.37 485.53 485.69 485.85 486.01 486.18 486.01 485.85 485.69 485.53 485.37 485.21 485.06 484.91 484.76 484.62 484.48 484.34 484.20 484.07 483.94 483.81 483.69 483.57 483.45 483.34 483.23 483.12 483.02 482.92 482.82 482.73 482.64 482.56 482.49 482.41 482.35 482.29 482.24 482.19
481.76 481.78 481.81 481.86 481.91 481.97 482.04 482.11 482.19 482.27 482.36 482.45 482.55 482.65 482.75 482.86 482.97 483.08 483.20 483.33 483.45 483.58 483.71 483.84 483.98 484.12 484.27 484.41 484.56 484.71 484.87 485.02 485.18 485.34 485.51 485.67 485.84 485.67 485.51 485.34 485.18 485.02 484.87 484.71 484.56 484.41 484.27 484.12 483.98 483.84 483.71 483.58 483.45 483.33 483.20 483.08 482.97 482.86 482.75 482.65 482.55 482.45 482.36 482.27 482.19 482.11 482.04 481.97 481.91 481.86 481.81
481.38 481.40 481.43 481.48 481.53 481.59 481.66 481.73 481.81 481.90 481.98 482.08 482.17 482.28 482.38 482.49 482.60 482.72 482.84 482.96 483.09 483.22 483.35 483.49 483.63 483.77 483.91 484.06 484.21 484.36 484.52 484.68 484.84 485.00 485.17 485.33 485.50 485.33 485.17 485.00 484.84 484.68 484.52 484.36 484.21 484.06 483.91 483.77 483.63 483.49 483.35 483.22 483.09 482.96 482.84 482.72 482.60 482.49 482.38 482.28 482.17 482.08 481.98 481.90 481.81 481.73 481.66 481.59 481.53 481.48 481.43
481.00 481.02 481.05 481.10 481.15 481.22 481.28 481.36 481.44 481.52 481.61 481.70 481.80 481.90 482.01 482.12 482.23 482.35 482.47 482.60 482.73 482.86 482.99 483.13 483.27 483.41 483.56 483.71 483.86 484.01 484.17 484.33 484.49 484.66 484.82 484.99 485.17 484.99 484.82 484.66 484.49 484.33 484.17 484.01 483.86 483.71 483.56 483.41 483.27 483.13 482.99 482.86 482.73 482.60 482.47 482.35 482.23 482.12 482.01 481.90 481.80 481.70 481.61 481.52 481.44 481.36 481.28 481.22 481.15 481.10 481.05
480.62 480.64 480.68 480.72 480.78 480.84 480.91 480.98 481.06 481.15 481.24 481.33 481.43 481.53 481.64 481.75 481.87 481.99 482.11 482.23 482.36 482.49 482.63 482.77 482.91 483.06 483.20 483.35 483.51 483.66 483.82 483.98 484.15 484.31 484.48 484.65 484.83 484.65 484.48 484.31 484.15 483.98 483.82 483.66 483.51 483.35 483.20 483.06 482.91 482.77 482.63 482.49 482.36 482.23 482.11 481.99 481.87 481.75 481.64 481.53 481.43 481.33 481.24 481.15 481.06 480.98 480.91 480.84 480.78 480.72 480.68
480.24 480.26 480.30 480.34 480.40 480.46 480.53 480.60 480.69 480.77 480.86 480.96 481.06 481.16 481.27 481.38 481.50 481.62 481.74 481.87 482.00 482.13 482.27 482.41 482.55 482.70 482.85 483.00 483.15 483.31 483.47 483.64 483.80 483.97 484.14 484.31 484.49 484.31 484.14 483.97 483.80 483.64 483.47 483.31 483.15 483.00 482.85 482.70 482.55 482.41 482.27 482.13 482.00 481.87 481.74 481.62 481.50 481.38 481.27 481.16 481.06 480.96 480.86 480.77 480.69 480.60 480.53 480.46 480.40 480.34 480.30
479.86 479.88 479.92 479.96 480.02 480.08 480.15 480.23 480.31 480.40 480.49 480.58 480.69 480.79 480.90 481.01 481.13 481.25 481.38 481.50 481.64 481.77 481.91 482.05 482.20 482.34 482.49 482.65 482.80 482.96 483.12 483.29 483.46 483.62 483.80 483.97 484.15 483.97 483.80 483.62 483.46 483.29 483.12 482.96 482.80 482.65 482.49 482.34 482.20 482.05 481.91 481.77 481.64 481.50 481.38 481.25 481.13 481.01 480.90 480.79 480.69 480.58 480.49 480.40 480.31 480.23 480.15 480.08 480.02 479.96 479.92
479.48 479.50 479.54 479.58 479.64 479.70 479.77 479.85 479.93 480.02 480.11 480.21 480.31 480.42 480.53 480.64 480.76 480.89 481.01 481.14 481.27 481.41 481.55 481.69 481.84 481.99 482.14 482.29 482.45 482.61 482.77 482.94 483.11 483.28 483.45 483.63 483.81 483.63 483.45 483.28 483.11 482.94 482.77 482.61 482.45 482.29 482.14 481.99 481.84 481.69 481.55 481.41 481.27 481.14 481.01 480.89 480.76 480.64 480.53 480.42 480.31 480.21 480.11 480.02 479.93 479.85 479.77 479.70 479.64 479.58 479.54
479.10 479.12 479.16 479.21 479.26 479.33 479.40 479.47 479.56 479.65 479.74 479.84 479.94 480.05 480.16 480.28 480.39 480.52 480.65 480.78 480.91 481.05 481.19 481.33 481.48 481.63 481.78 481.94 482.10 482.26 482.42 482.59 482.76 482.94 483.11 483.29 483.47 483.29 483.11 482.94 482.76 482.59 482.42 482.26 482.10 481.94 481.78 481.63 481.48 481.33 481.19 481.05 480.91 480.78 480.65 480.52 480.39 480.28 480.16 480.05 479.94 479.84 479.74 479.65 479.56 479.47 479.40 479.33 479.26 479.21 479.16
478.72 478.74 478.78 478.83 478.88 478.95 479.02 479.10 479.18 479.27 479.37 479.46 479.57 479.68 479.79 479.91 480.03 480.15 480.28 480.41 480.55 480.68 480.83 480.97 481.12 481.27 481.43 481.58 481.74 481.91 482.07 482.24 482.42 482.59 482.77 482.95 483.13 482.95 482.77 482.59 482.42 482.24 482.07 481.91 481.74 481.58 481.43 481.27 481.12 480.97 480.83 480.68 480.55 480.41 480.28 480.15 480.03 479.91 479.79 479.68 479.57 479.46 479.37 479.27 479.18 479.10 479.02 478.95 478.88 478.83 478.78
478.34 478.36 478.40 478.45 478.50 478.57 478.64 478.72 478.81 478.90 478.99 479.09 479.20 479.31 479.42 479.54 479.66 479.78 479.91 480.05 480.18 480.32 480.47 480.61 480.76 480.91 481.07 481.23 481.39 481.56 481.72 481.89 482.07 482.24 482.42 482.60 482.79 482.60 482.42 482.24 482.07 481.89 481.72 481.56 481.39 481.23 481.07 480.91 480.76 480.61 480.47 480.32 480.18 480.05 479.91 479.78 479.66 479.54 479.42 479.31 479.20 479.09 478.99 478.90 478.81 478.72 478.64 478.57 478.50 478.45 478.40
477.96 477.98 478.02 478.07 478.13 478.19 478.27 478.34 478.43 478.52 478.62 478.72 478.82 478.93 479.05 479.17 479.29 479.42 479.55 479.68 479.82 479.96 480.10 480.25 480.40 480.56 480.71 480.87 481.04 481.20 481.37 481.55 481.72 481.90 482.08 482.26 482.45 482.26 482.08 481.90 481.72 481.55 481.37 481.20 481.04 480.87 480.71 480.56 480.40 480.25 480.10 479.96 479.82 479.68 479.55 479.42 479.29 479.17 479.05 478.93 478.82 478.72 478.62 478.52 478.43 478.34 478.27 478.19 478.13 478.07 478.02
477.58 477.60 477.64 477.69 477.75 477.81 477.89 477.97 478.05 478.15 478.24 478.34 478.45 478.56 478.68 478.80 478.92 479.05 479.18 479.32 479.45 479.60 479.74 479.89 480.04 480.20 480.36 480.52 480.68 480.85 481.02 481.20 481.37 481.55 481.73 481.92 482.11 481.92 481.73 481.55 481.37 481.20 481.02 480.85 480.68 480.52 480.36 480.20 480.04 479.89 479.74 479.60 479.45 479.32 479.18 479.05 478.92 478.80 478.68 478.56 478.45 478.34 478.24 478.15 478.05 477.97 477.89 477.81 477.75 477.69 477.64
477.20 477.22 477.26 477.31 477.37 477.44 477.51 477.59 477.68 477.77 477.87 477.97 478.08 478.19 478.31 478.43 478.55 478.68 478.81 478.95 479.09 479.23 479.38 479.53 479.68 479.84 480.00 480.16 480.33 480.50 480.67 480.85 481.03 481.21 481.39 481.58 481.76 481.58 481.39 481.21 481.03 480.85 480.67 480.50 480.33 480.16 480.00 479.84 479.68 479.53 479.38 479.23 479.09 478.95 478.81 478.68 478.55 478.43 478.31 478.19 478.08 477.97 477.87 477.77 477.68 477.59 477.51 477.44 477.37 477.31 477.26
476.82 476.84 476.88 476.93 476.99 477.06 477.13 477.21 477.30 477.40 477.49 477.60 477.71 477.82 477.94 478.06 478.18 478.31 478.45 478.58 478.73 478.87 479.02 479.17 479.33 479.48 479.64 479.81 479.98 480.15 480.32 480.50 480.68 480.86 481.04 481.23 481.42 481.23 481.04 480.86 480.68 480.50 480.32 480.15 479.98 479.81 479.64 479.48 479.33 479.17 479.02 478.87 478.73 478.58 478.45 478.31 478.18 478.06 477.94 477.82 477.71 477.60 477.49 477.40 477.30 477.21 477.13 477.06 476.99 476.93 476.88
476.44 476.46 476.50 476.55 476.61 476.68 476.76 476.84 476.93 477.02 477.12 477.22 477.33 477.45 477.57 477.69 477.81 477.95 478.08 478.22 478.36 478.51 478.66 478.81 478.97 479.13 479.29 479.45 479.62 479.79 479.97 480.15 480.33 480.51 480.70 480.89 481.08 480.89 480.70 480.51 480.33 480.15 479.97 479.79 479.62 479.45 479.29 479.13 478.97 478.81 478.66 478.51 478.36 478.22 478.08 477.95 477.81 477.69 477.57 477.45 477.33 477.22 477.12 477.02 476.93 476.84 476.76 476.68 476.61 476.55 476.50
476.06 476.08 476.12 476.17 476.23 476.30 476.38 476.46 476.55 476.64 476.74 476.85 476.96 477.07 477.19 477.32 477.45 477.58 477.71 477.85 478.00 478.14 478.29 478.45 478.61 478.77 478.93 479.10 479.27 479.44 479.62 479.80 479.98 480.16 480.35 480.54 480.74 480.54 480.35 480.16 479.98 479.80 479.62 479.44 479.27 479.10 478.93 478.77 478.61 478.45 478.29 478.14 478.00 477.85 477.71 477.58 477.45 477.32 477.19 477.07 476.96 476.85 476.74 476.64 476.55 476.46 476.38 476.30 476.23 476.17 476.12
475.68 475.70 475.74 475.79 475.85 475.92 476.00 476.08 476.17 476.27 476.37 476.48 476.59 476.70 476.82 476.95 477.08 477.21 477.35 477.49 477.63 477.78 477.93 478.09 478.25 478.41 478.57 478.74 478.91 479.09 479.27 479.45 479.63 479.82 480.01 480.20 480.39 480.20 480.01 479.82 479.63 479.45 479.27 479.09 478.91 478.74 478.57 478.41 478.25 478.09 477.93 477.78 477.63 477.49 477.35 477.21 477.08 476.95 476.82 476.70 476.59 476.48 476.37 476.27 476.17 476.08 476.00 475.92 475.85 475.79 475.74
